{
    "consensus": {
        "secondary_structure_elements": [
            {
                "label": "H0",
                "type": "H",
                "chain_id": "A",
                "start": 0,
                "end": 0,
                "color": "s000",
                "rainbow": "s130",
                "found_in": 6,
                "occurrence": 1.0,
                "start_vector": [
                    -12.225736333333336,
                    14.02282216666667,
                    -60.1906835
                ],
                "end_vector": [
                    -7.281467500000001,
                    13.635069999999999,
                    -59.4123205
                ],
                "variance": 0.0934397787945333,
                "covariance": [
                    [
                        0.0036147907790666056,
                        -0.010571684507133241,
                        0.0023335961772000383,
                        0.002953340879999969,
                        -0.0037256594613999773,
                        0.004596955170400071
                    ],
                    [
                        -0.010571684507133241,
                        0.05441212119096655,
                        -0.012195888599299976,
                        -0.0069641378840999725,
                        0.027619235146600016,
                        -0.018077781667900382
                    ],
                    [
                        0.0023335961772000383,
                        -0.012195888599299976,
                        0.006498859313899869,
                        0.0016047484763000329,
                        -0.005475928132599967,
                        0.006814076045100058
                    ],
                    [
                        0.002953340879999969,
                        -0.0069641378840999725,
                        0.0016047484763000329,
                        0.0027377896842999978,
                        -0.0018046842167999814,
                        0.0030867018023000687
                    ],
                    [
                        -0.0037256594613999773,
                        0.027619235146600016,
                        -0.005475928132599967,
                        -0.0018046842167999814,
                        0.015935751868000062,
                        -0.007695260172600227
                    ],
                    [
                        0.004596955170400071,
                        -0.018077781667900382,
                        0.006814076045100058,
                        0.0030867018023000687,
                        -0.007695260172600227,
                        0.01024046595830022
                    ]
                ]
            },
            {
                "label": "E1",
                "type": "E",
                "chain_id": "A",
                "start": 0,
                "end": 0,
                "color": "s293",
                "rainbow": "s176",
                "found_in": 3,
                "occurrence": 0.5,
                "start_vector": [
                    1.3553333333333333,
                    14.022666666666666,
                    -64.76133333333334
                ],
                "end_vector": [
                    3.155666666666667,
                    14.095,
                    -66.41033333333333
                ],
                "variance": 0.0668476666666667,
                "covariance": [
                    [
                        0.010570333333333317,
                        -0.011379833333333329,
                        0.003295166666666967,
                        0.010851666666666676,
                        -0.015190000000000044,
                        0.00513266666666667
                    ],
                    [
                        -0.011379833333333329,
                        0.014496333333333361,
                        -0.005728666666666842,
                        -0.01039916666666668,
                        0.017830000000000047,
                        -0.007341166666666657
                    ],
                    [
                        0.003295166666666967,
                        -0.005728666666666842,
                        0.0031463333333332055,
                        0.0021358333333337393,
                        -0.006170000000000323,
                        0.0033638333333333237
                    ],
                    [
                        0.010851666666666676,
                        -0.01039916666666668,
                        0.0021358333333337393,
                        0.011874333333333376,
                        -0.014750000000000095,
                        0.004231333333333363
                    ],
                    [
                        -0.015190000000000044,
                        0.017830000000000047,
                        -0.006170000000000323,
                        -0.014750000000000095,
                        0.02280000000000013,
                        -0.008570000000000001
                    ],
                    [
                        0.00513266666666667,
                        -0.007341166666666657,
                        0.0033638333333333237,
                        0.004231333333333363,
                        -0.008570000000000001,
                        0.003960333333333296
                    ]
                ],
                "sheet_id": 1
            },
            {
                "label": "E2",
                "type": "E",
                "chain_id": "A",
                "start": 0,
                "end": 0,
                "color": "s586",
                "rainbow": "s207",
                "found_in": 3,
                "occurrence": 0.5,
                "start_vector": [
                    0.5666666666666667,
                    13.464999999999998,
                    -68.96066666666665
                ],
                "end_vector": [
                    -0.48066666666666663,
                    15.191,
                    -67.67733333333332
                ],
                "variance": 0.044490333333333694,
                "covariance": [
                    [
                        0.0034743333333333327,
                        -0.00459849999999999,
                        0.0017791666666665846,
                        0.004890166666666664,
                        -0.0023084999999999855,
                        0.00017433333333348683
                    ],
                    [
                        -0.00459849999999999,
                        0.014799000000000036,
                        -0.006133999999999945,
                        -0.009399499999999996,
                        0.012867000000000017,
                        -0.005518000000000522
                    ],
                    [
                        0.0017791666666665846,
                        -0.006133999999999945,
                        0.002550333333333288,
                        0.0037738333333332333,
                        -0.0054379999999999915,
                        0.0023826666666668986
                    ],
                    [
                        0.004890166666666664,
                        -0.009399499999999996,
                        0.0037738333333332333,
                        0.00786633333333333,
                        -0.006545499999999984,
                        0.002021666666666985
                    ],
                    [
                        -0.0023084999999999855,
                        0.012867000000000017,
                        -0.0054379999999999915,
                        -0.006545499999999984,
                        0.012582999999999997,
                        -0.006070000000000444
                    ],
                    [
                        0.00017433333333348683,
                        -0.005518000000000522,
                        0.0023826666666668986,
                        0.002021666666666985,
                        -0.006070000000000444,
                        0.0032173333333337132
                    ]
                ],
                "sheet_id": 1
            },
            {
                "label": "H3",
                "type": "H",
                "chain_id": "A",
                "start": 0,
                "end": 0,
                "color": "s879",
                "rainbow": "s253",
                "found_in": 6,
                "occurrence": 1.0,
                "start_vector": [
                    -0.3962115,
                    19.424970499999997,
                    -67.35231316666666
                ],
                "end_vector": [
                    -7.118781000000001,
                    20.012446666666666,
                    -66.48302933333333
                ],
                "variance": 0.10572255092729949,
                "covariance": [
                    [
                        0.021009517100299996,
                        -0.009203265298699964,
                        0.003550177771899556,
                        0.02692528118620001,
                        0.0057821741008000456,
                        -0.01793276889019998
                    ],
                    [
                        -0.009203265298699964,
                        0.008812100533099988,
                        -0.0034528343732998547,
                        -0.011432566391199933,
                        0.004172450181399942,
                        0.008510465008200067
                    ],
                    [
                        0.003550177771899556,
                        -0.0034528343732998547,
                        0.003388090100566498,
                        0.0026887457791993905,
                        -0.0047707511716667105,
                        -0.0009013560280664947
                    ],
                    [
                        0.02692528118620001,
                        -0.011432566391199933,
                        0.0026887457791993905,
                        0.03661588354240003,
                        0.009463816249000091,
                        -0.024787961420799948
                    ],
                    [
                        0.0057821741008000456,
                        0.004172450181399942,
                        -0.0047707511716667105,
                        0.009463816249000091,
                        0.01750096101986662,
                        -0.007997632870332982
                    ],
                    [
                        -0.01793276889019998,
                        0.008510465008200067,
                        -0.0009013560280664947,
                        -0.024787961420799948,
                        -0.007997632870332982,
                        0.01839599863106637
                    ]
                ]
            },
            {
                "label": "E4",
                "type": "E",
                "chain_id": "A",
                "start": 0,
                "end": 0,
                "color": "s173",
                "rainbow": "s315",
                "found_in": 6,
                "occurrence": 1.0,
                "start_vector": [
                    -1.2068333333333334,
                    27.33083333333333,
                    -58.767833333333336
                ],
                "end_vector": [
                    0.8533333333333334,
                    26.031000000000002,
                    -59.41283333333333
                ],
                "variance": 0.0267525333333333,
                "covariance": [
                    [
                        0.010075366666666658,
                        -0.0016769666666666982,
                        -0.003481433333333334,
                        0.009232333333333329,
                        -0.002429000000000021,
                        -0.003595833333333277
                    ],
                    [
                        -0.0016769666666666982,
                        0.0019549666666666865,
                        0.000516033333333379,
                        -0.0017643333333333595,
                        0.0014528000000000264,
                        0.0008298333333334237
                    ],
                    [
                        -0.003481433333333334,
                        0.000516033333333379,
                        0.0018537666666666214,
                        -0.0033020666666666748,
                        0.0004482000000000422,
                        0.002009166666666626
                    ],
                    [
                        0.009232333333333329,
                        -0.0017643333333333595,
                        -0.0033020666666666748,
                        0.008725066666666668,
                        -0.002091600000000023,
                        -0.003280066666666627
                    ],
                    [
                        -0.002429000000000021,
                        0.0014528000000000264,
                        0.0004482000000000422,
                        -0.002091600000000023,
                        0.0016588000000000173,
                        0.0007476000000000564
                    ],
                    [
                        -0.003595833333333277,
                        0.0008298333333334237,
                        0.002009166666666626,
                        -0.003280066666666627,
                        0.0007476000000000564,
                        0.002484566666666652
                    ]
                ],
                "sheet_id": 2
            },
            {
                "label": "H5",
                "type": "H",
                "chain_id": "A",
                "start": 0,
                "end": 0,
                "color": "s466",
                "rainbow": "s376",
                "found_in": 6,
                "occurrence": 1.0,
                "start_vector": [
                    7.590512,
                    26.073519,
                    -63.91065616666666
                ],
                "end_vector": [
                    3.603718666666667,
                    17.848138333333335,
                    -65.78823483333333
                ],
                "variance": 0.07145871834326722,
                "covariance": [
                    [
                        0.03305622466640003,
                        -0.013520850154400103,
                        0.0018997146007998695,
                        0.013775014412800012,
                        -0.007371854522400155,
                        -0.01310211138820072
                    ],
                    [
                        -0.013520850154400103,
                        0.009859688103999953,
                        -0.00021099205839988745,
                        -0.00885705129699999,
                        0.00655133465520007,
                        0.007438806636000255
                    ],
                    [
                        0.0018997146007998695,
                        -0.00021099205839988745,
                        0.0007870039821666682,
                        0.0007154405039332853,
                        0.00043183655686668466,
                        0.0003685533820334036
                    ],
                    [
                        0.013775014412800012,
                        -0.00885705129699999,
                        0.0007154405039332853,
                        0.010420570272266666,
                        -0.007099019830866748,
                        -0.005183870643533581
                    ],
                    [
                        -0.007371854522400155,
                        0.00655133465520007,
                        0.00043183655686668466,
                        -0.007099019830866748,
                        0.007001197428666794,
                        0.0027223171133334873
                    ],
                    [
                        -0.01310211138820072,
                        0.007438806636000255,
                        0.0003685533820334036,
                        -0.005183870643533581,
                        0.0027223171133334873,
                        0.01033403388976712
                    ]
                ]
            },
            {
                "label": "H6",
                "type": "H",
                "chain_id": "A",
                "start": 0,
                "end": 0,
                "color": "s759",
                "rainbow": "s438",
                "found_in": 6,
                "occurrence": 1.0,
                "start_vector": [
                    4.065414,
                    15.529610833333331,
                    -63.64771400000001
                ],
                "end_vector": [
                    6.891018666666667,
                    15.354078833333334,
                    -60.638792333333335
                ],
                "variance": 0.06702493950566625,
                "covariance": [
                    [
                        0.005783630784000005,
                        -0.0041469875733999954,
                        0.007600234732800047,
                        0.0037150629118000117,
                        0.003983673132799996,
                        0.0050309558259999535
                    ],
                    [
                        -0.0041469875733999954,
                        0.00602344456536665,
                        -0.0025834940258001693,
                        -0.0016220445694666635,
                        0.0033338105457666775,
                        -0.0007468766420667737
                    ],
                    [
                        0.007600234732800047,
                        -0.0025834940258001693,
                        0.01727749394480006,
                        0.008102263951200051,
                        0.013210336443599834,
                        0.0143628772779998
                    ],
                    [
                        0.0037150629118000117,
                        -0.0016220445694666635,
                        0.008102263951200051,
                        0.005704329651066638,
                        0.0070460065823333045,
                        0.006726242966466584
                    ],
                    [
                        0.003983673132799996,
                        0.0033338105457666775,
                        0.013210336443599834,
                        0.0070460065823333045,
                        0.01940094052856662,
                        0.011032799087933027
                    ],
                    [
                        0.0050309558259999535,
                        -0.0007468766420667737,
                        0.0143628772779998,
                        0.006726242966466584,
                        0.011032799087933027,
                        0.012835100031866276
                    ]
                ]
            },
            {
                "label": "H7",
                "type": "H",
                "chain_id": "A",
                "start": 0,
                "end": 0,
                "color": "s053",
                "rainbow": "s500",
                "found_in": 6,
                "occurrence": 1.0,
                "start_vector": [
                    9.908085333333334,
                    16.80722316666667,
                    -55.30868566666667
                ],
                "end_vector": [
                    0.9559933333333334,
                    17.956468833333332,
                    -47.42864866666667
                ],
                "variance": 0.08993928846980033,
                "covariance": [
                    [
                        0.012247284445066628,
                        -0.017014495541866684,
                        0.0013342976462666649,
                        0.010900676981266656,
                        -0.010858608960933314,
                        -0.005164313354333441
                    ],
                    [
                        -0.017014495541866684,
                        0.041436289940566896,
                        -0.006491991819466721,
                        -0.011866565802866704,
                        0.012845102911033402,
                        0.012503526516333578
                    ],
                    [
                        0.0013342976462666649,
                        -0.006491991819466721,
                        0.006732610815066684,
                        -0.0021664892239333703,
                        0.0034054497792666834,
                        -0.0024963312265333143
                    ],
                    [
                        0.010900676981266656,
                        -0.011866565802866704,
                        -0.0021664892239333703,
                        0.012259740275866671,
                        -0.01153987166213335,
                        -0.003508292172933466
                    ],
                    [
                        -0.010858608960933314,
                        0.012845102911033402,
                        0.0034054497792666834,
                        -0.01153987166213335,
                        0.013225361898166678,
                        0.0035847695038667827
                    ],
                    [
                        -0.005164313354333441,
                        0.012503526516333578,
                        -0.0024963312265333143,
                        -0.003508292172933466,
                        0.0035847695038667827,
                        0.0040380010950667854
                    ]
                ]
            },
            {
                "label": "H8",
                "type": "H",
                "chain_id": "A",
                "start": 0,
                "end": 0,
                "color": "s346",
                "rainbow": "s561",
                "found_in": 6,
                "occurrence": 1.0,
                "start_vector": [
                    -6.744741,
                    11.289505833333331,
                    -45.89732083333333
                ],
                "end_vector": [
                    -11.981891333333332,
                    19.876100166666664,
                    -42.058034
                ],
                "variance": 0.050145654169567205,
                "covariance": [
                    [
                        0.005225660265999995,
                        0.0008751240191999777,
                        0.004324760660000011,
                        -0.002384282903799991,
                        -0.0027096943173999795,
                        -0.00013003549140000958
                    ],
                    [
                        0.0008751240191999777,
                        0.004575641468166659,
                        0.002552426162433289,
                        -0.00014724158086669106,
                        0.008347387901633387,
                        -9.588634840003722e-05
                    ],
                    [
                        0.004324760660000011,
                        0.002552426162433289,
                        0.016588683641366925,
                        -0.0018528206497333628,
                        0.0028096609199666192,
                        0.0015853986217999152
                    ],
                    [
                        -0.002384282903799991,
                        -0.00014724158086669106,
                        -0.0018528206497333628,
                        0.0011418713242666574,
                        0.00196336380486659,
                        -9.11481900000145e-05
                    ],
                    [
                        -0.0027096943173999795,
                        0.008347387901633387,
                        0.0028096609199666192,
                        0.00196336380486659,
                        0.02075156167416686,
                        -5.065568880011462e-05
                    ],
                    [
                        -0.00013003549140000958,
                        -9.588634840003722e-05,
                        0.0015853986217999152,
                        -9.11481900000145e-05,
                        -5.065568880011462e-05,
                        0.0018622357956001108
                    ]
                ]
            },
            {
                "label": "E9",
                "type": "E",
                "chain_id": "A",
                "start": 0,
                "end": 0,
                "color": "s639",
                "rainbow": "s623",
                "found_in": 6,
                "occurrence": 1.0,
                "start_vector": [
                    -14.642807166666666,
                    21.950965666666665,
                    -43.11189116666666
                ],
                "end_vector": [
                    -27.2603465,
                    25.58066216666667,
                    -59.34286866666667
                ],
                "variance": 0.9694809122641349,
                "covariance": [
                    [
                        0.10229004981016643,
                        0.04836404763493351,
                        -0.027262304784233277,
                        -0.23603175340989965,
                        -0.0953441723239666,
                        0.06451129721346704
                    ],
                    [
                        0.04836404763493351,
                        0.04173078386986674,
                        -0.012483699271066816,
                        -0.09470440082260068,
                        -0.056452542013533696,
                        0.00270502674893354
                    ],
                    [
                        -0.027262304784233277,
                        -0.012483699271066816,
                        0.010326174849366704,
                        0.06446106806749967,
                        0.022857139498233564,
                        -0.021317603401733318
                    ],
                    [
                        -0.23603175340989965,
                        -0.09470440082260068,
                        0.06446106806749967,
                        0.6154959683839,
                        0.20823322239369998,
                        -0.18602609877200144
                    ],
                    [
                        -0.0953441723239666,
                        -0.056452542013533696,
                        0.022857139498233564,
                        0.20823322239369998,
                        0.11103168003776683,
                        -0.04373342178586703
                    ],
                    [
                        0.06451129721346704,
                        0.00270502674893354,
                        -0.021317603401733318,
                        -0.18602609877200144,
                        -0.04373342178586703,
                        0.0886062553130682
                    ]
                ],
                "sheet_id": 3
            },
            {
                "label": "E10",
                "type": "E",
                "chain_id": "A",
                "start": 0,
                "end": 0,
                "color": "s933",
                "rainbow": "s684",
                "found_in": 6,
                "occurrence": 1.0,
                "start_vector": [
                    -24.399396333333332,
                    21.1632475,
                    -60.86507549999999
                ],
                "end_vector": [
                    -10.670548000000002,
                    24.197317333333334,
                    -45.669540500000004
                ],
                "variance": 0.5919365250406337,
                "covariance": [
                    [
                        0.4217427628262666,
                        0.022049761351000095,
                        -0.00849050063259949,
                        -0.11372171127840013,
                        -0.07064024363586668,
                        0.13484383523860075
                    ],
                    [
                        0.022049761351000095,
                        0.0346380898495,
                        0.0038795944585000293,
                        -0.015808084440800042,
                        -0.028612728750999974,
                        0.011438740503500184
                    ],
                    [
                        -0.00849050063259949,
                        0.0038795944585000293,
                        0.011370606424300074,
                        0.0006105670113998832,
                        0.005187111965799765,
                        0.001429845794300112
                    ],
                    [
                        -0.11372171127840013,
                        -0.015808084440800042,
                        0.0006105670113998832,
                        0.03416555785880011,
                        0.02598905950120004,
                        -0.03789932409260029
                    ],
                    [
                        -0.07064024363586668,
                        -0.028612728750999974,
                        0.005187111965799765,
                        0.02598905950120004,
                        0.042688454757466375,
                        -0.027794350525800295
                    ],
                    [
                        0.13484383523860075,
                        0.011438740503500184,
                        0.001429845794300112,
                        -0.03789932409260029,
                        -0.027794350525800295,
                        0.047331053324300446
                    ]
                ],
                "sheet_id": 3
            },
            {
                "label": "H11",
                "type": "H",
                "chain_id": "A",
                "start": 0,
                "end": 0,
                "color": "s226",
                "rainbow": "s746",
                "found_in": 6,
                "occurrence": 1.0,
                "start_vector": [
                    14.598660333333333,
                    23.77199416666667,
                    -42.725283
                ],
                "end_vector": [
                    5.347652333333333,
                    30.299026,
                    -57.598829333333335
                ],
                "variance": 6.0821144465517705,
                "covariance": [
                    [
                        0.4065270542298672,
                        -0.6968033799092672,
                        1.3174282784412013,
                        0.18460021969126694,
                        0.08652714757399965,
                        0.015012208388733662
                    ],
                    [
                        -0.6968033799092672,
                        1.2186159784457666,
                        -2.255511255531001,
                        -0.3215469336800667,
                        -0.15249761584859914,
                        -0.027600033117133826
                    ],
                    [
                        1.3174282784412013,
                        -2.255511255531001,
                        4.294913345077603,
                        0.5831360203604005,
                        0.2513979180675982,
                        0.039376304229801075
                    ],
                    [
                        0.18460021969126694,
                        -0.3215469336800667,
                        0.5831360203604005,
                        0.09658139410986673,
                        0.052677980613599844,
                        0.011240429080133316
                    ],
                    [
                        0.08652714757399965,
                        -0.15249761584859914,
                        0.2513979180675982,
                        0.052677980613599844,
                        0.06106326394520012,
                        0.015535572992399974
                    ],
                    [
                        0.015012208388733662,
                        -0.027600033117133826,
                        0.039376304229801075,
                        0.011240429080133316,
                        0.015535572992399974,
                        0.004413410743466622
                    ]
                ]
            },
            {
                "label": "E12",
                "type": "E",
                "chain_id": "A",
                "start": 0,
                "end": 0,
                "color": "s519",
                "rainbow": "s807",
                "found_in": 6,
                "occurrence": 1.0,
                "start_vector": [
                    3.7159999999999997,
                    29.320666666666668,
                    -56.254999999999995
                ],
                "end_vector": [
                    2.4324999999999997,
                    31.32916666666667,
                    -56.93116666666666
                ],
                "variance": 0.04008049999999991,
                "covariance": [
                    [
                        0.00574640000000001,
                        -0.0052991999999999675,
                        -0.0017301999999999062,
                        0.008059800000000011,
                        -0.0031819999999999717,
                        -0.0003411999999999343
                    ],
                    [
                        -0.0052991999999999675,
                        0.011349466666666495,
                        0.0038135999999997974,
                        -0.011487399999999908,
                        0.006766466666666632,
                        0.003061133333333292
                    ],
                    [
                        -0.0017301999999999062,
                        0.0038135999999997974,
                        0.002100399999999936,
                        -0.00404399999999983,
                        0.0023005999999998967,
                        0.0021962000000000314
                    ],
                    [
                        0.008059800000000011,
                        -0.011487399999999908,
                        -0.00404399999999983,
                        0.013985500000000005,
                        -0.006844499999999979,
                        -0.0025510999999999546
                    ],
                    [
                        -0.0031819999999999717,
                        0.006766466666666632,
                        0.0023005999999998967,
                        -0.006844499999999979,
                        0.004050166666666687,
                        0.0018342333333333364
                    ],
                    [
                        -0.0003411999999999343,
                        0.003061133333333292,
                        0.0021962000000000314,
                        -0.0025510999999999546,
                        0.0018342333333333364,
                        0.002848566666666774
                    ]
                ],
                "sheet_id": 2
            },
            {
                "label": "H13",
                "type": "H",
                "chain_id": "A",
                "start": 0,
                "end": 0,
                "color": "s813",
                "rainbow": "s869",
                "found_in": 6,
                "occurrence": 1.0,
                "start_vector": [
                    1.9955511666666668,
                    31.715094333333337,
                    -60.28291199999999
                ],
                "end_vector": [
                    4.191818166666667,
                    35.52372433333334,
                    -66.70285116666666
                ],
                "variance": 0.11107068929943135,
                "covariance": [
                    [
                        0.02884001138536666,
                        -0.00996161117166669,
                        -0.001260886385799989,
                        0.023831722427166673,
                        0.007671637721133407,
                        -0.012082851704766159
                    ],
                    [
                        -0.00996161117166669,
                        0.005677005112666729,
                        0.0018409142691999795,
                        -0.007252521558866605,
                        -0.002685226241133414,
                        0.009303258097866501
                    ],
                    [
                        -0.001260886385799989,
                        0.0018409142691999795,
                        0.0011631623295999469,
                        0.00023583685119997236,
                        -0.0006445780220000153,
                        0.004988840699799818
                    ],
                    [
                        0.023831722427166673,
                        -0.007252521558866605,
                        0.00023583685119997236,
                        0.03504204771736665,
                        0.001908151316533501,
                        0.004649546061633422
                    ],
                    [
                        0.007671637721133407,
                        -0.002685226241133414,
                        -0.0006445780220000153,
                        0.001908151316533501,
                        0.003649770841866653,
                        -0.0086446606657331
                    ],
                    [
                        -0.012082851704766159,
                        0.009303258097866501,
                        0.004988840699799818,
                        0.004649546061633422,
                        -0.0086446606657331,
                        0.03669869191256471
                    ]
                ]
            }
        ],
        "beta_connectivity": [
            [
                "E1",
                "E2",
                -1
            ],
            [
                "E4",
                "E12",
                -1
            ],
            [
                "E9",
                "E10",
                -1
            ]
        ]
    }
}