{
    "consensus": {
        "secondary_structure_elements": [
            {
                "label": "E0",
                "type": "E",
                "chain_id": "A",
                "start": 0,
                "end": 0,
                "color": "s000",
                "rainbow": "s118",
                "found_in": 6,
                "occurrence": 0.46153846153846156,
                "start_vector": [
                    8.644166666666665,
                    17.504833333333334,
                    1.6235
                ],
                "end_vector": [
                    6.656833333333334,
                    18.661833333333334,
                    2.4000000000000004
                ],
                "variance": 0.33122096666666667,
                "covariance": [
                    [
                        0.052227766666666724,
                        0.061814433333333446,
                        0.03514550000000001,
                        0.019070833333333304,
                        0.017024433333333634,
                        0.028056400000000006
                    ],
                    [
                        0.061814433333333446,
                        0.15787536666666635,
                        0.04329309999999994,
                        0.004495366666666659,
                        0.0879577666666669,
                        0.028485399999999973
                    ],
                    [
                        0.03514550000000001,
                        0.04329309999999994,
                        0.026830699999999992,
                        0.009786699999999992,
                        0.012275900000000114,
                        0.018074000000000003
                    ],
                    [
                        0.019070833333333304,
                        0.004495366666666659,
                        0.009786699999999992,
                        0.01427136666666664,
                        -0.007284033333333282,
                        0.013786799999999986
                    ],
                    [
                        0.017024433333333634,
                        0.0879577666666669,
                        0.012275900000000114,
                        -0.007284033333333282,
                        0.060853766666666975,
                        0.005759600000000091
                    ],
                    [
                        0.028056400000000006,
                        0.028485399999999973,
                        0.018074000000000003,
                        0.013786799999999986,
                        0.005759600000000091,
                        0.019162000000000012
                    ]
                ],
                "sheet_id": 1
            },
            {
                "label": "E1",
                "type": "E",
                "chain_id": "A",
                "start": 0,
                "end": 0,
                "color": "s293",
                "rainbow": "s175",
                "found_in": 13,
                "occurrence": 1.0,
                "start_vector": [
                    3.163153846153846,
                    23.28969230769231,
                    4.492384615384616
                ],
                "end_vector": [
                    2.9773076923076927,
                    23.11838461538462,
                    6.928461538461538
                ],
                "variance": 0.26085355128205134,
                "covariance": [
                    [
                        0.03565597435897436,
                        -0.019804448717948682,
                        -0.03147423076923079,
                        0.03066661538461539,
                        -0.013557064102564152,
                        -0.03237882692307692
                    ],
                    [
                        -0.019804448717948682,
                        0.02339639743589747,
                        0.010144294871794829,
                        -0.01894164743589741,
                        0.020345211538461534,
                        0.010359987179487138
                    ],
                    [
                        -0.03147423076923079,
                        0.010144294871794829,
                        0.07276308974358983,
                        -0.026850961538461553,
                        0.0007439230769230749,
                        0.07466189102564105
                    ],
                    [
                        0.03066661538461539,
                        -0.01894164743589741,
                        -0.026850961538461553,
                        0.02842123076923077,
                        -0.014418628205128247,
                        -0.027515820512820505
                    ],
                    [
                        -0.013557064102564152,
                        0.020345211538461534,
                        0.0007439230769230749,
                        -0.014418628205128247,
                        0.02394358974358968,
                        0.0007783910256410249
                    ],
                    [
                        -0.03237882692307692,
                        0.010359987179487138,
                        0.07466189102564105,
                        -0.027515820512820505,
                        0.0007783910256410249,
                        0.07667326923076923
                    ]
                ],
                "sheet_id": 2
            },
            {
                "label": "E2",
                "type": "E",
                "chain_id": "A",
                "start": 0,
                "end": 0,
                "color": "s586",
                "rainbow": "s254",
                "found_in": 13,
                "occurrence": 1.0,
                "start_vector": [
                    -0.6367083076923077,
                    20.090033384615385,
                    11.959675307692306
                ],
                "end_vector": [
                    -3.583958,
                    16.674211461538462,
                    17.030868846153844
                ],
                "variance": 3.8630463996266293,
                "covariance": [
                    [
                        0.05364624177673075,
                        -0.026197584007788446,
                        -0.04709445776048072,
                        0.20970635215966663,
                        0.13034842048165393,
                        -0.25551458077313455
                    ],
                    [
                        -0.026197584007788446,
                        0.02681842943958959,
                        0.02304181704262173,
                        -0.11720164572608335,
                        -0.08894520301594223,
                        0.17410254298473066
                    ],
                    [
                        -0.04709445776048072,
                        0.02304181704262173,
                        0.06742102583073063,
                        -0.21722137854716644,
                        -0.0986685467519037,
                        0.2463134134257175
                    ],
                    [
                        0.20970635215966663,
                        -0.11720164572608335,
                        -0.21722137854716644,
                        1.0715003724071668,
                        0.6631420032618339,
                        -1.346481193336083
                    ],
                    [
                        0.13034842048165393,
                        -0.08894520301594223,
                        -0.0986685467519037,
                        0.6631420032618339,
                        0.6920645669194365,
                        -1.0816740487738405
                    ],
                    [
                        -0.25551458077313455,
                        0.17410254298473066,
                        0.2463134134257175,
                        -1.346481193336083,
                        -1.0816740487738405,
                        1.9515957632529748
                    ]
                ],
                "sheet_id": 3
            },
            {
                "label": "E3",
                "type": "E",
                "chain_id": "A",
                "start": 0,
                "end": 0,
                "color": "s879",
                "rainbow": "s296",
                "found_in": 1,
                "occurrence": 0.07692307692307693,
                "start_vector": [
                    -16.437,
                    21.766,
                    1.653
                ],
                "end_vector": [
                    -15.062,
                    23.854,
                    1.908
                ],
                "variance": 0.0,
                "covariance": [
                    [
                        0.0,
                        0.0,
                        0.0,
                        0.0,
                        0.0,
                        0.0
                    ],
                    [
                        0.0,
                        0.0,
                        0.0,
                        0.0,
                        0.0,
                        0.0
                    ],
                    [
                        0.0,
                        0.0,
                        0.0,
                        0.0,
                        0.0,
                        0.0
                    ],
                    [
                        0.0,
                        0.0,
                        0.0,
                        0.0,
                        0.0,
                        0.0
                    ],
                    [
                        0.0,
                        0.0,
                        0.0,
                        0.0,
                        0.0,
                        0.0
                    ],
                    [
                        0.0,
                        0.0,
                        0.0,
                        0.0,
                        0.0,
                        0.0
                    ]
                ],
                "sheet_id": 3
            },
            {
                "label": "H4",
                "type": "H",
                "chain_id": "A",
                "start": 0,
                "end": 0,
                "color": "s173",
                "rainbow": "s336",
                "found_in": 12,
                "occurrence": 0.9230769230769231,
                "start_vector": [
                    -6.611037166666667,
                    29.323637583333333,
                    -8.308889666666667
                ],
                "end_vector": [
                    -7.643848916666667,
                    24.800654916666662,
                    -5.9198955
                ],
                "variance": 0.13045601556837125,
                "covariance": [
                    [
                        0.028173393923060615,
                        0.0029954276975605945,
                        -0.008120215388212122,
                        0.014634783304196985,
                        -0.0035160093079242157,
                        0.0008268002407272597
                    ],
                    [
                        0.0029954276975605945,
                        0.026020162315901492,
                        0.010078413854242456,
                        -0.0027530551725075425,
                        0.016776516148871233,
                        -0.00464924077504548
                    ],
                    [
                        -0.008120215388212122,
                        0.010078413854242456,
                        0.03415500860351516,
                        -0.0038414990500303028,
                        0.00962610271321213,
                        -0.0011525428349091005
                    ],
                    [
                        0.014634783304196985,
                        -0.0027530551725075425,
                        -0.0038414990500303028,
                        0.012896917550992402,
                        -0.005011466170901498,
                        0.0013275585341363401
                    ],
                    [
                        -0.0035160093079242157,
                        0.016776516148871233,
                        0.00962610271321213,
                        -0.005011466170901498,
                        0.016307693986992465,
                        -0.0008261547942273868
                    ],
                    [
                        0.0008268002407272597,
                        -0.00464924077504548,
                        -0.0011525428349091005,
                        0.0013275585341363401,
                        -0.0008261547942273868,
                        0.012902839187909092
                    ]
                ]
            },
            {
                "label": "E5",
                "type": "E",
                "chain_id": "A",
                "start": 0,
                "end": 0,
                "color": "s466",
                "rainbow": "s412",
                "found_in": 13,
                "occurrence": 1.0,
                "start_vector": [
                    -8.071742846153846,
                    21.093490615384614,
                    -3.794679692307693
                ],
                "end_vector": [
                    0.8913843076923077,
                    9.593821307692307,
                    11.475173846153847
                ],
                "variance": 1.425726791611564,
                "covariance": [
                    [
                        0.03190748512164103,
                        -0.057688227816852566,
                        0.06569609276503206,
                        -0.046059043394884605,
                        0.06425433406636535,
                        -0.02862919010372438
                    ],
                    [
                        -0.057688227816852566,
                        0.34743976110825614,
                        -0.28745480609328844,
                        0.010883915704044945,
                        -0.1373337582526217,
                        -0.1998943872571471
                    ],
                    [
                        0.06569609276503206,
                        -0.28745480609328844,
                        0.2703700601372308,
                        -0.06243796712410257,
                        0.1608898717029807,
                        0.07702773515555113
                    ],
                    [
                        -0.046059043394884605,
                        0.010883915704044945,
                        -0.06243796712410257,
                        0.12408594357139743,
                        -0.11600209853301927,
                        0.18910928058696802
                    ],
                    [
                        0.06425433406636535,
                        -0.1373337582526217,
                        0.1608898717029807,
                        -0.11600209853301927,
                        0.18612666311923068,
                        -0.11445530302161577
                    ],
                    [
                        -0.02862919010372438,
                        -0.1998943872571471,
                        0.07702773515555113,
                        0.18910928058696802,
                        -0.11445530302161577,
                        0.4657968785538077
                    ]
                ],
                "sheet_id": 3
            },
            {
                "label": "E6",
                "type": "E",
                "chain_id": "A",
                "start": 0,
                "end": 0,
                "color": "s759",
                "rainbow": "s478",
                "found_in": 9,
                "occurrence": 0.6923076923076923,
                "start_vector": [
                    6.354413777777777,
                    7.780363222222222,
                    17.463732333333336
                ],
                "end_vector": [
                    9.636092333333334,
                    6.232358444444445,
                    23.58627411111111
                ],
                "variance": 7.702702105612029,
                "covariance": [
                    [
                        0.07837417328194445,
                        -0.006674939899944516,
                        -0.05912919359279177,
                        0.13203148999708345,
                        0.011487409992860888,
                        0.263259726545153
                    ],
                    [
                        -0.006674939899944516,
                        0.11534109095894449,
                        0.025179689812666602,
                        0.1015246781055416,
                        0.056210537162139265,
                        0.14383833930609652
                    ],
                    [
                        -0.05912919359279177,
                        0.025179689812666602,
                        0.13006427863150058,
                        -0.19123285502700094,
                        -0.02917032514854165,
                        0.08888473061008288
                    ],
                    [
                        0.13203148999708345,
                        0.1015246781055416,
                        -0.19123285502700094,
                        1.277311735714,
                        -0.18043300564741632,
                        1.4343832645097074
                    ],
                    [
                        0.011487409992860888,
                        0.056210537162139265,
                        -0.02917032514854165,
                        -0.18043300564741632,
                        1.4377439732010275,
                        -1.2563763853611805
                    ],
                    [
                        0.263259726545153,
                        0.14383833930609652,
                        0.08888473061008288,
                        1.4343832645097074,
                        -1.2563763853611805,
                        4.6638668538246115
                    ]
                ],
                "sheet_id": 4
            },
            {
                "label": "E7",
                "type": "E",
                "chain_id": "A",
                "start": 0,
                "end": 0,
                "color": "s053",
                "rainbow": "s533",
                "found_in": 9,
                "occurrence": 0.6923076923076923,
                "start_vector": [
                    6.187357111111111,
                    3.2825745555555557,
                    23.98927
                ],
                "end_vector": [
                    2.7048377777777777,
                    8.476687777777778,
                    20.80535933333333
                ],
                "variance": 8.264510887792275,
                "covariance": [
                    [
                        3.4215493267806103,
                        -1.906561243979319,
                        1.7053205740991242,
                        0.4953120180264027,
                        -0.07437264325734788,
                        -0.27978770698566596
                    ],
                    [
                        -1.906561243979319,
                        2.9681601433330274,
                        -1.225848901919,
                        -0.1429426770027361,
                        -0.10898976995223594,
                        0.27708971199829113
                    ],
                    [
                        1.7053205740991242,
                        -1.225848901919,
                        1.4202578053917492,
                        0.039623410871499704,
                        0.09856277923037476,
                        -0.0505119776022494
                    ],
                    [
                        0.4953120180264027,
                        -0.1429426770027361,
                        0.039623410871499704,
                        0.21863163053219437,
                        -0.0394714219219307,
                        -0.07469705258716648
                    ],
                    [
                        -0.07437264325734788,
                        -0.10898976995223594,
                        0.09856277923037476,
                        -0.0394714219219307,
                        0.11076180238094442,
                        0.07839965841295846
                    ],
                    [
                        -0.27978770698566596,
                        0.27708971199829113,
                        -0.0505119776022494,
                        -0.07469705258716648,
                        0.07839965841295846,
                        0.12515017937374995
                    ]
                ],
                "sheet_id": 4
            },
            {
                "label": "E8",
                "type": "E",
                "chain_id": "A",
                "start": 0,
                "end": 0,
                "color": "s346",
                "rainbow": "s599",
                "found_in": 13,
                "occurrence": 1.0,
                "start_vector": [
                    -0.09011592307692307,
                    15.093298769230772,
                    14.14158653846154
                ],
                "end_vector": [
                    -1.8857974615384614,
                    19.57741907692307,
                    -3.279523615384615
                ],
                "variance": 0.20837908393330767,
                "covariance": [
                    [
                        0.09720169374691023,
                        -0.0180510179376475,
                        -0.060687886517294815,
                        0.01949492146220512,
                        0.00909147323682703,
                        -0.03539070600244872
                    ],
                    [
                        -0.0180510179376475,
                        0.018035073079358973,
                        0.019719088768384647,
                        -0.00419286477303206,
                        -0.0018888599527308054,
                        0.01040099136942951
                    ],
                    [
                        -0.060687886517294815,
                        0.019719088768384647,
                        0.046544267619435864,
                        -0.011591164981647403,
                        -0.003949849809461594,
                        0.027306779888692276
                    ],
                    [
                        0.01949492146220512,
                        -0.00419286477303206,
                        -0.011591164981647403,
                        0.01082946173176923,
                        0.0014501877996218539,
                        -0.007892573212391025
                    ],
                    [
                        0.00909147323682703,
                        -0.0018888599527308054,
                        -0.003949849809461594,
                        0.0014501877996218539,
                        0.006365860122076941,
                        -0.005937124433282112
                    ],
                    [
                        -0.03539070600244872,
                        0.01040099136942951,
                        0.027306779888692276,
                        -0.007892573212391025,
                        -0.005937124433282112,
                        0.029402727633756415
                    ]
                ],
                "sheet_id": 3
            },
            {
                "label": "E9",
                "type": "E",
                "chain_id": "A",
                "start": 0,
                "end": 0,
                "color": "s639",
                "rainbow": "s654",
                "found_in": 5,
                "occurrence": 0.38461538461538464,
                "start_vector": [
                    -8.6878,
                    6.024,
                    1.9103999999999999
                ],
                "end_vector": [
                    -7.255599999999999,
                    5.8664000000000005,
                    3.8434
                ],
                "variance": 0.12740890000000005,
                "covariance": [
                    [
                        0.022471699999999938,
                        0.0003330000000000262,
                        0.02400889999999999,
                        0.021567649999999997,
                        -0.0007488499999999914,
                        0.025023149999999994
                    ],
                    [
                        0.0003330000000000262,
                        0.007592500000000028,
                        0.002203500000000031,
                        -0.0022702499999999585,
                        0.009459249999999995,
                        0.003762250000000027
                    ],
                    [
                        0.02400889999999999,
                        0.002203500000000031,
                        0.029183800000000017,
                        0.021496300000000045,
                        0.0028393000000000177,
                        0.031122300000000023
                    ],
                    [
                        0.021567649999999997,
                        -0.0022702499999999585,
                        0.021496300000000045,
                        0.022092300000000047,
                        -0.0043149499999999745,
                        0.02161405000000006
                    ],
                    [
                        -0.0007488499999999914,
                        0.009459249999999995,
                        0.0028393000000000177,
                        -0.0043149499999999745,
                        0.01242629999999997,
                        0.004913800000000006
                    ],
                    [
                        0.025023149999999994,
                        0.003762250000000027,
                        0.031122300000000023,
                        0.02161405000000006,
                        0.004913800000000006,
                        0.03364230000000004
                    ]
                ],
                "sheet_id": 3
            },
            {
                "label": "E10",
                "type": "E",
                "chain_id": "A",
                "start": 0,
                "end": 0,
                "color": "s933",
                "rainbow": "s709",
                "found_in": 13,
                "occurrence": 1.0,
                "start_vector": [
                    -6.266929076923076,
                    9.327871384615385,
                    5.565006076923077
                ],
                "end_vector": [
                    -12.37841246153846,
                    22.346927076923073,
                    -1.3759575384615383
                ],
                "variance": 1.7368139598231913,
                "covariance": [
                    [
                        0.07504414934091025,
                        -0.034826423708634605,
                        -0.00047869210407691177,
                        -0.09835857459145514,
                        0.22084989962358975,
                        -0.07484980367704488
                    ],
                    [
                        -0.034826423708634605,
                        0.026964450765256446,
                        0.006520080619384622,
                        0.037289330341858995,
                        -0.11256111041044876,
                        0.03603474320964107
                    ],
                    [
                        -0.00047869210407691177,
                        0.006520080619384622,
                        0.010627181753910262,
                        -0.008634898872211494,
                        0.014526834096160174,
                        -0.004076435163621753
                    ],
                    [
                        -0.09835857459145514,
                        0.037289330341858995,
                        -0.008634898872211494,
                        0.2517616949686027,
                        -0.4876983267561282,
                        0.19093843570956415
                    ],
                    [
                        0.22084989962358975,
                        -0.11256111041044876,
                        0.014526834096160174,
                        -0.4876983267561282,
                        1.195136432566409,
                        -0.44189432119912153
                    ],
                    [
                        -0.07484980367704488,
                        0.03603474320964107,
                        -0.004076435163621753,
                        0.19093843570956415,
                        -0.44189432119912153,
                        0.1772800504281026
                    ]
                ],
                "sheet_id": 3
            },
            {
                "label": "H11",
                "type": "H",
                "chain_id": "A",
                "start": 0,
                "end": 0,
                "color": "s226",
                "rainbow": "s751",
                "found_in": 1,
                "occurrence": 0.07692307692307693,
                "start_vector": [
                    1.372389,
                    20.363381,
                    -8.678862
                ],
                "end_vector": [
                    7.592881,
                    21.55726,
                    -1.784846
                ],
                "variance": 0.0,
                "covariance": [
                    [
                        0.0,
                        0.0,
                        0.0,
                        0.0,
                        0.0,
                        0.0
                    ],
                    [
                        0.0,
                        0.0,
                        0.0,
                        0.0,
                        0.0,
                        0.0
                    ],
                    [
                        0.0,
                        0.0,
                        0.0,
                        0.0,
                        0.0,
                        0.0
                    ],
                    [
                        0.0,
                        0.0,
                        0.0,
                        0.0,
                        0.0,
                        0.0
                    ],
                    [
                        0.0,
                        0.0,
                        0.0,
                        0.0,
                        0.0,
                        0.0
                    ],
                    [
                        0.0,
                        0.0,
                        0.0,
                        0.0,
                        0.0,
                        0.0
                    ]
                ]
            },
            {
                "label": "E12",
                "type": "E",
                "chain_id": "A",
                "start": 0,
                "end": 0,
                "color": "s519",
                "rainbow": "s772",
                "found_in": 6,
                "occurrence": 0.46153846153846156,
                "start_vector": [
                    7.691333333333333,
                    20.848000000000003,
                    -0.8111666666666667
                ],
                "end_vector": [
                    10.010833333333332,
                    21.134333333333334,
                    -0.05633333333333334
                ],
                "variance": 0.07080033333333369,
                "covariance": [
                    [
                        0.0034202666666666645,
                        -0.002376000000000038,
                        0.0012454666666666778,
                        0.0029758666666666956,
                        -0.0030611333333333372,
                        0.004197933333333348
                    ],
                    [
                        -0.002376000000000038,
                        0.011962800000000056,
                        -0.005434199999999991,
                        -0.0030318000000000207,
                        0.015288000000000107,
                        -0.006329800000000038
                    ],
                    [
                        0.0012454666666666778,
                        -0.005434199999999991,
                        0.010020566666666668,
                        0.002067766666666672,
                        -0.004857133333333365,
                        0.009107733333333331
                    ],
                    [
                        0.0029758666666666956,
                        -0.0030318000000000207,
                        0.002067766666666672,
                        0.003361366666666727,
                        -0.005968733333333364,
                        0.0030703333333333585
                    ],
                    [
                        -0.0030611333333333372,
                        0.015288000000000107,
                        -0.004857133333333365,
                        -0.005968733333333364,
                        0.0278802666666669,
                        -0.0016948666666666977
                    ],
                    [
                        0.004197933333333348,
                        -0.006329800000000038,
                        0.009107733333333331,
                        0.0030703333333333585,
                        -0.0016948666666666977,
                        0.014155066666666667
                    ]
                ],
                "sheet_id": 1
            },
            {
                "label": "E13",
                "type": "E",
                "chain_id": "A",
                "start": 0,
                "end": 0,
                "color": "s813",
                "rainbow": "s830",
                "found_in": 13,
                "occurrence": 1.0,
                "start_vector": [
                    5.254384615384615,
                    27.032692307692308,
                    5.857769230769231
                ],
                "end_vector": [
                    3.3755384615384614,
                    27.66946153846154,
                    7.229076923076923
                ],
                "variance": 0.5725706282051282,
                "covariance": [
                    [
                        0.0528209230769231,
                        -0.024268788461538432,
                        -0.02243407051282051,
                        0.05025410897435898,
                        -0.015837525641025613,
                        -0.03198669871794876
                    ],
                    [
                        -0.024268788461538432,
                        0.04559889743589744,
                        0.00653167307692297,
                        -0.03238882051282048,
                        0.03365090384615378,
                        -0.0015226410256411291
                    ],
                    [
                        -0.02243407051282051,
                        0.00653167307692297,
                        0.21856352564102557,
                        -0.048221115384615404,
                        -0.0052392179487181275,
                        0.18534885256410263
                    ],
                    [
                        0.05025410897435898,
                        -0.03238882051282048,
                        -0.048221115384615404,
                        0.05652326923076924,
                        -0.018529852564102473,
                        -0.046493544871794946
                    ],
                    [
                        -0.015837525641025613,
                        0.03365090384615378,
                        -0.0052392179487181275,
                        -0.018529852564102473,
                        0.030719269230769137,
                        -0.009287371794871897
                    ],
                    [
                        -0.03198669871794876,
                        -0.0015226410256411291,
                        0.18534885256410263,
                        -0.046493544871794946,
                        -0.009287371794871897,
                        0.16834474358974377
                    ]
                ],
                "sheet_id": 2
            },
            {
                "label": "E14",
                "type": "E",
                "chain_id": "A",
                "start": 0,
                "end": 0,
                "color": "s106",
                "rainbow": "s884",
                "found_in": 5,
                "occurrence": 0.38461538461538464,
                "start_vector": [
                    -8.1778862,
                    19.2323354,
                    18.210698
                ],
                "end_vector": [
                    -3.2331242,
                    23.0502694,
                    16.518711399999997
                ],
                "variance": 3.555639493212298,
                "covariance": [
                    [
                        0.2166390460971999,
                        -0.3164610496381497,
                        -0.020798737248749657,
                        -0.49997019012954974,
                        -0.35204398091664957,
                        0.3573467151273502
                    ],
                    [
                        -0.3164610496381497,
                        0.48685314819129943,
                        0.03615377429149947,
                        0.7238456302100996,
                        0.546526002169049,
                        -0.5766846088749498
                    ],
                    [
                        -0.020798737248749657,
                        0.03615377429149947,
                        0.010119940068999956,
                        0.0633533809217495,
                        0.043216313112999366,
                        -0.030322554077249243
                    ],
                    [
                        -0.49997019012954974,
                        0.7238456302100996,
                        0.0633533809217495,
                        1.3968515577012002,
                        0.7793716972910988,
                        -0.6476890040264005
                    ],
                    [
                        -0.35204398091664957,
                        0.546526002169049,
                        0.043216313112999366,
                        0.7793716972910988,
                        0.6192174323912987,
                        -0.6655714704429494
                    ],
                    [
                        0.3573467151273502,
                        -0.5766846088749498,
                        -0.030322554077249243,
                        -0.6476890040264005,
                        -0.6655714704429494,
                        0.8259583687623
                    ]
                ],
                "sheet_id": 3
            }
        ],
        "beta_connectivity": [
            [
                "E0",
                "E12",
                -1
            ],
            [
                "E1",
                "E13",
                1
            ],
            [
                "E2",
                "E8",
                -1
            ],
            [
                "E2",
                "E14",
                -1
            ],
            [
                "E3",
                "E10",
                1
            ],
            [
                "E5",
                "E8",
                -1
            ],
            [
                "E5",
                "E10",
                -1
            ],
            [
                "E6",
                "E7",
                -1
            ],
            [
                "E9",
                "E10",
                -1
            ]
        ]
    }
}