{
    "consensus": {
        "secondary_structure_elements": [
            {
                "label": "E0",
                "type": "E",
                "chain_id": "A",
                "start": 0,
                "end": 0,
                "color": "s000",
                "rainbow": "s159",
                "found_in": 8,
                "occurrence": 0.8888888888888888,
                "start_vector": [
                    230.42030212499998,
                    239.31318737499998,
                    227.93779999999998
                ],
                "end_vector": [
                    220.67463675,
                    243.860034625,
                    234.172454875
                ],
                "variance": 20.1038422481575,
                "covariance": [
                    [
                        12.091702850996377,
                        -5.0102653652333125,
                        -7.936316445285106,
                        0.6289162677377638,
                        0.1380449793076349,
                        0.9276189300611694
                    ],
                    [
                        -5.0102653652333125,
                        2.2185585322159693,
                        3.3008182190258397,
                        -0.29889454996404297,
                        -0.13397478050241549,
                        -0.37488467341995096
                    ],
                    [
                        -7.936316445285106,
                        3.3008182190258397,
                        5.401786972091966,
                        -0.5419508548160085,
                        -0.049271915973579106,
                        -0.7378812460882898
                    ],
                    [
                        0.6289162677377638,
                        -0.29889454996404297,
                        -0.5419508548160085,
                        0.1442572405319312,
                        0.01106176063132264,
                        0.1460644386889679
                    ],
                    [
                        0.1380449793076349,
                        -0.13397478050241549,
                        -0.049271915973579106,
                        0.01106176063132264,
                        0.07398943857398292,
                        -0.018422450043336976
                    ],
                    [
                        0.9276189300611694,
                        -0.37488467341995096,
                        -0.7378812460882898,
                        0.1460644386889679,
                        -0.018422450043336976,
                        0.1735472137472717
                    ]
                ],
                "sheet_id": 1
            },
            {
                "label": "E1",
                "type": "E",
                "chain_id": "A",
                "start": 0,
                "end": 0,
                "color": "s293",
                "rainbow": "s285",
                "found_in": 9,
                "occurrence": 1.0,
                "start_vector": [
                    231.0218622222222,
                    239.32598477777776,
                    220.45214144444446
                ],
                "end_vector": [
                    219.47776422222222,
                    238.67998733333332,
                    231.5641867777778
                ],
                "variance": 10.006179276022582,
                "covariance": [
                    [
                        0.14577353456619563,
                        -0.16604189170532202,
                        0.10180585610276492,
                        -0.877340017901312,
                        0.1158993058430444,
                        0.5903425019643112
                    ],
                    [
                        -0.16604189170532202,
                        0.39882515144469455,
                        -0.1853855823335131,
                        1.3810482295060589,
                        -0.19603069648404448,
                        -1.0247535305215583
                    ],
                    [
                        0.10180585610276492,
                        -0.1853855823335131,
                        0.12636059674152783,
                        -0.7743183897676089,
                        0.12125818918520923,
                        0.5324040175792335
                    ],
                    [
                        -0.877340017901312,
                        1.3810482295060589,
                        -0.7743183897676089,
                        6.163661100846207,
                        -0.830149174077844,
                        -4.279422043112455
                    ],
                    [
                        0.1158993058430444,
                        -0.19603069648404448,
                        0.12125818918520923,
                        -0.830149174077844,
                        0.12424722990875255,
                        0.5729277763195921
                    ],
                    [
                        0.5903425019643112,
                        -1.0247535305215583,
                        0.5324040175792335,
                        -4.279422043112455,
                        0.5729277763195921,
                        3.0473116625152032
                    ]
                ],
                "sheet_id": 1
            },
            {
                "label": "E2",
                "type": "E",
                "chain_id": "A",
                "start": 0,
                "end": 0,
                "color": "s586",
                "rainbow": "s418",
                "found_in": 9,
                "occurrence": 1.0,
                "start_vector": [
                    221.73970044444442,
                    233.75635155555554,
                    226.83328566666668
                ],
                "end_vector": [
                    223.83911211111112,
                    248.29268988888887,
                    215.70864477777778
                ],
                "variance": 7.655719626234474,
                "covariance": [
                    [
                        2.13665252403452,
                        0.7655724736307212,
                        -2.700216143788082,
                        -1.0848291432729251,
                        1.3317638914625562,
                        0.7701236650684848
                    ],
                    [
                        0.7655724736307212,
                        0.33617595059527794,
                        -1.0028349806757948,
                        -0.3982585932013182,
                        0.46050262639719625,
                        0.3189623399250121
                    ],
                    [
                        -2.700216143788082,
                        -1.0028349806757948,
                        3.452393151546013,
                        1.3640237699856645,
                        -1.6787996031821744,
                        -1.0083815986798361
                    ],
                    [
                        -1.0848291432729251,
                        -0.3982585932013182,
                        1.3640237699856645,
                        0.5633602207131071,
                        -0.6694206861154862,
                        -0.38631208434847025
                    ],
                    [
                        1.3317638914625562,
                        0.46050262639719625,
                        -1.6787996031821744,
                        -0.6694206861154862,
                        0.8427276984993654,
                        0.4690446804240996
                    ],
                    [
                        0.7701236650684848,
                        0.3189623399250121,
                        -1.0083815986798361,
                        -0.38631208434847025,
                        0.4690446804240996,
                        0.3244100808461925
                    ]
                ],
                "sheet_id": 1
            },
            {
                "label": "E3",
                "type": "E",
                "chain_id": "A",
                "start": 0,
                "end": 0,
                "color": "s879",
                "rainbow": "s551",
                "found_in": 9,
                "occurrence": 1.0,
                "start_vector": [
                    210.6004741111111,
                    243.23946266666664,
                    224.30202566666668
                ],
                "end_vector": [
                    210.33616055555552,
                    238.53245533333333,
                    217.214888
                ],
                "variance": 6.163800746734128,
                "covariance": [
                    [
                        0.14753596945536335,
                        0.3937924941426697,
                        0.5903748316460488,
                        0.03901580883080669,
                        0.01526314803558445,
                        0.042658890950251833
                    ],
                    [
                        0.3937924941426697,
                        1.9770739407089883,
                        2.7191362696659906,
                        0.3128159077039568,
                        -0.0027697490746193022,
                        0.1741200413668783
                    ],
                    [
                        0.5903748316460488,
                        2.7191362696659906,
                        3.8893365319512467,
                        0.44436870415020896,
                        0.03478925749238148,
                        0.24406682992850506
                    ],
                    [
                        0.03901580883080669,
                        0.3128159077039568,
                        0.44436870415020896,
                        0.07478762336802854,
                        -0.007157423641956962,
                        0.027778853220000035
                    ],
                    [
                        0.01526314803558445,
                        -0.0027697490746193022,
                        0.03478925749238148,
                        -0.007157423641956962,
                        0.04883517533475108,
                        -0.01712770610299893
                    ],
                    [
                        0.042658890950251833,
                        0.1741200413668783,
                        0.24406682992850506,
                        0.027778853220000035,
                        -0.01712770610299893,
                        0.026231505915750054
                    ]
                ],
                "sheet_id": 1
            },
            {
                "label": "E4",
                "type": "E",
                "chain_id": "A",
                "start": 0,
                "end": 0,
                "color": "s173",
                "rainbow": "s625",
                "found_in": 1,
                "occurrence": 0.1111111111111111,
                "start_vector": [
                    213.96,
                    236.003,
                    219.484
                ],
                "end_vector": [
                    214.812,
                    238.258,
                    219.174
                ],
                "variance": 0.0,
                "covariance": [
                    [
                        0.0,
                        0.0,
                        0.0,
                        0.0,
                        0.0,
                        0.0
                    ],
                    [
                        0.0,
                        0.0,
                        0.0,
                        0.0,
                        0.0,
                        0.0
                    ],
                    [
                        0.0,
                        0.0,
                        0.0,
                        0.0,
                        0.0,
                        0.0
                    ],
                    [
                        0.0,
                        0.0,
                        0.0,
                        0.0,
                        0.0,
                        0.0
                    ],
                    [
                        0.0,
                        0.0,
                        0.0,
                        0.0,
                        0.0,
                        0.0
                    ],
                    [
                        0.0,
                        0.0,
                        0.0,
                        0.0,
                        0.0,
                        0.0
                    ]
                ],
                "sheet_id": 1
            },
            {
                "label": "E5",
                "type": "E",
                "chain_id": "A",
                "start": 0,
                "end": 0,
                "color": "s466",
                "rainbow": "s699",
                "found_in": 9,
                "occurrence": 1.0,
                "start_vector": [
                    214.23221555555557,
                    238.00440588888887,
                    218.36514544444447
                ],
                "end_vector": [
                    215.92091177777777,
                    248.05918200000002,
                    225.74901255555557
                ],
                "variance": 3.277705623409885,
                "covariance": [
                    [
                        0.09863893346202568,
                        0.4654215323639401,
                        0.13995631839572265,
                        -0.03112050269761224,
                        -0.09101785276637457,
                        0.18031648290227534
                    ],
                    [
                        0.4654215323639401,
                        2.2761836360591046,
                        0.7465402647976839,
                        -0.15143660373240692,
                        -0.45878471634862894,
                        0.8774872912688165
                    ],
                    [
                        0.13995631839572265,
                        0.7465402647976839,
                        0.3480766240437793,
                        -0.025256157660642133,
                        -0.17224054069900166,
                        0.2823056258322235
                    ],
                    [
                        -0.03112050269761224,
                        -0.15143660373240692,
                        -0.025256157660642133,
                        0.051435802935946996,
                        0.004544634447750347,
                        -0.06143616400373893
                    ],
                    [
                        -0.09101785276637457,
                        -0.45878471634862894,
                        -0.17224054069900166,
                        0.004544634447750347,
                        0.13334791178050312,
                        -0.20059970269750052
                    ],
                    [
                        0.18031648290227534,
                        0.8774872912688165,
                        0.2823056258322235,
                        -0.06143616400373893,
                        -0.20059970269750052,
                        0.3700227151285253
                    ]
                ],
                "sheet_id": 1
            },
            {
                "label": "E6",
                "type": "E",
                "chain_id": "A",
                "start": 0,
                "end": 0,
                "color": "s759",
                "rainbow": "s833",
                "found_in": 9,
                "occurrence": 1.0,
                "start_vector": [
                    216.19093688888887,
                    250.93260500000002,
                    223.01782188888888
                ],
                "end_vector": [
                    221.95087744444444,
                    238.86176866666665,
                    215.72656022222222
                ],
                "variance": 0.17806364916269524,
                "covariance": [
                    [
                        0.023250309758612097,
                        0.017264724896124652,
                        -0.01388245327163958,
                        0.01977303491880669,
                        -0.019300286858793574,
                        0.0022984472320283153
                    ],
                    [
                        0.017264724896124652,
                        0.02724423657374948,
                        0.012142303786624498,
                        -0.002624071825749093,
                        -0.0036764275078761373,
                        -0.0025992770244999356
                    ],
                    [
                        -0.01388245327163958,
                        0.012142303786624498,
                        0.05061598293636111,
                        -0.04130098845444382,
                        0.029966430477958172,
                        -0.005958357791097043
                    ],
                    [
                        0.01977303491880669,
                        -0.002624071825749093,
                        -0.04130098845444382,
                        0.04110824376802748,
                        -0.028928749639458583,
                        0.0048158321265136675
                    ],
                    [
                        -0.019300286858793574,
                        -0.0036764275078761373,
                        0.029966430477958172,
                        -0.028928749639458583,
                        0.029537274757500894,
                        -0.008153944053791676
                    ],
                    [
                        0.0022984472320283153,
                        -0.0025992770244999356,
                        -0.005958357791097043,
                        0.0048158321265136675,
                        -0.008153944053791676,
                        0.006307601368444151
                    ]
                ],
                "sheet_id": 1
            }
        ],
        "beta_connectivity": [
            [
                "E0",
                "E1",
                1
            ],
            [
                "E1",
                "E2",
                -1
            ],
            [
                "E2",
                "E6",
                -1
            ],
            [
                "E3",
                "E4",
                -1
            ],
            [
                "E3",
                "E5",
                -1
            ],
            [
                "E5",
                "E6",
                -1
            ]
        ]
    }
}