{
    "consensus": {
        "secondary_structure_elements": [
            {
                "label": "E0",
                "type": "E",
                "chain_id": "A",
                "start": 0,
                "end": 0,
                "color": "s000",
                "rainbow": "s103",
                "found_in": 9,
                "occurrence": 0.055900621118012424,
                "start_vector": [
                    232.6622593333333,
                    238.37474355555554,
                    225.39275922222225
                ],
                "end_vector": [
                    229.97094099999998,
                    239.18099822222223,
                    227.59938955555558
                ],
                "variance": 7.153417733208228,
                "covariance": [
                    [
                        0.19976818183700118,
                        0.4461048790746708,
                        0.10877588341316684,
                        -0.2748594508985065,
                        0.6602746773216738,
                        0.4223704994736718
                    ],
                    [
                        0.4461048790746708,
                        1.368867832058781,
                        0.332239947764107,
                        -0.6788627601537573,
                        1.936424886601619,
                        1.0958263520695333
                    ],
                    [
                        0.10877588341316684,
                        0.332239947764107,
                        0.12484400647069352,
                        -0.3188410900262533,
                        0.5380947089044414,
                        0.41511502305111203
                    ],
                    [
                        -0.2748594508985065,
                        -0.6788627601537573,
                        -0.3188410900262533,
                        1.0924799316770062,
                        -1.2762231186238886,
                        -1.2014188005316317
                    ],
                    [
                        0.6602746773216738,
                        1.936424886601619,
                        0.5380947089044414,
                        -1.2762231186238886,
                        2.874788867437711,
                        1.8362227838114973
                    ],
                    [
                        0.4223704994736718,
                        1.0958263520695333,
                        0.41511502305111203,
                        -1.2014188005316317,
                        1.8362227838114973,
                        1.4926689137270346
                    ]
                ],
                "sheet_id": 1
            },
            {
                "label": "E1",
                "type": "E",
                "chain_id": "A",
                "start": 0,
                "end": 0,
                "color": "s293",
                "rainbow": "s162",
                "found_in": 147,
                "occurrence": 0.9130434782608695,
                "start_vector": [
                    230.3453567823129,
                    239.6703409455782,
                    227.67508093197281
                ],
                "end_vector": [
                    221.47139372789115,
                    243.35106965306124,
                    233.25929531292513
                ],
                "variance": 16.160435784525472,
                "covariance": [
                    [
                        6.369745623471178,
                        -2.5857393483150872,
                        -4.691622101241352,
                        0.25652592940035085,
                        0.3144934666841444,
                        0.4236257334483556
                    ],
                    [
                        -2.5857393483150872,
                        1.5726577996327222,
                        2.0214011126126876,
                        0.2133958634516497,
                        -0.03960944918584883,
                        -0.17074597326573562
                    ],
                    [
                        -4.691622101241352,
                        2.0214011126126876,
                        3.8554367149682665,
                        0.2737382397889407,
                        -0.3173968764625382,
                        -0.7023473180934581
                    ],
                    [
                        0.25652592940035085,
                        0.2133958634516497,
                        0.2737382397889407,
                        2.849529008771872,
                        -0.5302492932736567,
                        -1.2280938931532372
                    ],
                    [
                        0.3144934666841444,
                        -0.03960944918584883,
                        -0.3173968764625382,
                        -0.5302492932736567,
                        0.42199848364299586,
                        0.47776229658491154
                    ],
                    [
                        0.4236257334483556,
                        -0.17074597326573562,
                        -0.7023473180934581,
                        -1.2280938931532372,
                        0.47776229658491154,
                        1.0910681540384375
                    ]
                ],
                "sheet_id": 1
            },
            {
                "label": "E2",
                "type": "E",
                "chain_id": "A",
                "start": 0,
                "end": 0,
                "color": "s586",
                "rainbow": "s219",
                "found_in": 4,
                "occurrence": 0.024844720496894408,
                "start_vector": [
                    230.40446000000003,
                    240.88944875,
                    219.96844875
                ],
                "end_vector": [
                    227.61354875,
                    237.92137725,
                    224.9950245
                ],
                "variance": 3.3900993978686813,
                "covariance": [
                    [
                        0.05024535949000443,
                        0.008070357299664403,
                        0.006865549521001002,
                        0.2446549115786768,
                        0.05023013251233508,
                        -0.2814789488343455
                    ],
                    [
                        0.008070357299664403,
                        0.013439456746914411,
                        0.007667286951249503,
                        0.07710090302190645,
                        0.005449212542081865,
                        -0.09139130657548784
                    ],
                    [
                        0.006865549521001002,
                        0.007667286951249503,
                        0.005565753908250216,
                        0.043403908095258126,
                        0.0020416182877515737,
                        -0.05322888107850901
                    ],
                    [
                        0.2446549115786768,
                        0.07710090302190645,
                        0.043403908095258126,
                        1.4104371052589173,
                        0.26946097209407693,
                        -1.6132425372515065
                    ],
                    [
                        0.05023013251233508,
                        0.005449212542081865,
                        0.0020416182877515737,
                        0.26946097209407693,
                        0.06153351568158068,
                        -0.30362961190016097
                    ],
                    [
                        -0.2814789488343455,
                        -0.09139130657548784,
                        -0.05322888107850901,
                        -1.6132425372515065,
                        -0.30362961190016097,
                        1.848878206783014
                    ]
                ],
                "sheet_id": 1
            },
            {
                "label": "E3",
                "type": "E",
                "chain_id": "A",
                "start": 0,
                "end": 0,
                "color": "s879",
                "rainbow": "s281",
                "found_in": 160,
                "occurrence": 0.9937888198757764,
                "start_vector": [
                    229.74440248750003,
                    238.48861819374997,
                    222.4475521
                ],
                "end_vector": [
                    219.30146368124997,
                    238.78213451874998,
                    231.46488247500002
                ],
                "variance": 15.41535234835779,
                "covariance": [
                    [
                        4.885610537388659,
                        0.19594074810128792,
                        -4.87800166400906,
                        -0.4175618949783157,
                        -0.6722134637194516,
                        0.655723392889384
                    ],
                    [
                        0.19594074810128792,
                        0.5192158847193536,
                        -0.538843536185976,
                        0.48208789035001015,
                        -0.20218748071191875,
                        -0.12369096147980185
                    ],
                    [
                        -4.87800166400906,
                        -0.538843536185976,
                        5.268672381538742,
                        0.15564937289207728,
                        0.8086458540195582,
                        -0.5560412395428548
                    ],
                    [
                        -0.4175618949783157,
                        0.48208789035001015,
                        0.15564937289207728,
                        2.806935142962886,
                        -0.20233665921620556,
                        -1.5888659601673052
                    ],
                    [
                        -0.6722134637194516,
                        -0.20218748071191875,
                        0.8086458540195582,
                        -0.20233665921620556,
                        0.40348714492784915,
                        0.24287768296724827
                    ],
                    [
                        0.655723392889384,
                        -0.12369096147980185,
                        -0.5560412395428548,
                        -1.5888659601673052,
                        0.24287768296724827,
                        1.5314312568203006
                    ]
                ],
                "sheet_id": 1
            },
            {
                "label": "E4",
                "type": "E",
                "chain_id": "A",
                "start": 0,
                "end": 0,
                "color": "s173",
                "rainbow": "s398",
                "found_in": 148,
                "occurrence": 0.9192546583850931,
                "start_vector": [
                    219.96935821621622,
                    234.15014843243242,
                    228.07530108108108
                ],
                "end_vector": [
                    224.66097580405403,
                    243.31269287837839,
                    217.93667785135133
                ],
                "variance": 54.99036377729431,
                "covariance": [
                    [
                        4.928840346845727,
                        -0.437250029005402,
                        -4.492362619204975,
                        -0.9639900896471397,
                        9.9862715553654,
                        -4.213613705164272
                    ],
                    [
                        -0.437250029005402,
                        0.9452296874922057,
                        0.2436447217902997,
                        -0.28056837065930373,
                        -3.507202742933809,
                        2.1707978133652137
                    ],
                    [
                        -4.492362619204975,
                        0.2436447217902997,
                        4.778236309693221,
                        0.9529631762778455,
                        -8.505447886606403,
                        3.12903722665681
                    ],
                    [
                        -0.9639900896471397,
                        -0.28056837065930373,
                        0.9529631762778455,
                        1.9560144953753305,
                        -2.8209694569060897,
                        -0.24579659813127702
                    ],
                    [
                        9.9862715553654,
                        -3.507202742933809,
                        -8.505447886606403,
                        -2.8209694569060897,
                        33.59432747895958,
                        -15.351564132805876
                    ],
                    [
                        -4.213613705164272,
                        2.1707978133652137,
                        3.12903722665681,
                        -0.24579659813127702,
                        -15.351564132805876,
                        8.787715458928252
                    ]
                ],
                "sheet_id": 1
            },
            {
                "label": "E5",
                "type": "E",
                "chain_id": "A",
                "start": 0,
                "end": 0,
                "color": "s466",
                "rainbow": "s456",
                "found_in": 6,
                "occurrence": 0.037267080745341616,
                "start_vector": [
                    225.6588085,
                    239.97833249999996,
                    219.2383818333333
                ],
                "end_vector": [
                    223.96332299999997,
                    245.28748166666665,
                    218.49629933333335
                ],
                "variance": 12.973983627424039,
                "covariance": [
                    [
                        0.049522335809901896,
                        0.015367418720297739,
                        0.11833030955910578,
                        -0.15827261162300388,
                        0.7427134272002216,
                        -0.09320551695999985
                    ],
                    [
                        0.015367418720297739,
                        0.012870918966298798,
                        -0.0067852840887031585,
                        -0.03347563727379472,
                        0.16512886397817855,
                        -0.04095522232739685
                    ],
                    [
                        0.11833030955910578,
                        -0.0067852840887031585,
                        0.5163471393465524,
                        -0.46215639690939164,
                        2.125548610054494,
                        -0.15810062848272896
                    ],
                    [
                        -0.15827261162300388,
                        -0.03347563727379472,
                        -0.46215639690939164,
                        0.5360240823771937,
                        -2.499836126755181,
                        0.2746591769235959
                    ],
                    [
                        0.7427134272002216,
                        0.16512886397817855,
                        2.125548610054494,
                        -2.499836126755181,
                        11.665929024171428,
                        -1.3008121065612592
                    ],
                    [
                        -0.09320551695999985,
                        -0.04095522232739685,
                        -0.15810062848272896,
                        0.2746591769235959,
                        -1.3008121065612592,
                        0.19329012675266521
                    ]
                ],
                "sheet_id": 2
            },
            {
                "label": "X6",
                "type": "X",
                "chain_id": "A",
                "start": 0,
                "end": 0,
                "color": "s759",
                "rainbow": "s458",
                "found_in": 0,
                "occurrence": 0.0,
                "start_vector": [
                    0.0,
                    0.0,
                    0.0
                ],
                "end_vector": [
                    0.0,
                    0.0,
                    0.0
                ],
                "variance": 0.0,
                "covariance": [
                    [
                        0.0,
                        0.0,
                        0.0,
                        0.0,
                        0.0,
                        0.0
                    ],
                    [
                        0.0,
                        0.0,
                        0.0,
                        0.0,
                        0.0,
                        0.0
                    ],
                    [
                        0.0,
                        0.0,
                        0.0,
                        0.0,
                        0.0,
                        0.0
                    ],
                    [
                        0.0,
                        0.0,
                        0.0,
                        0.0,
                        0.0,
                        0.0
                    ],
                    [
                        0.0,
                        0.0,
                        0.0,
                        0.0,
                        0.0,
                        0.0
                    ],
                    [
                        0.0,
                        0.0,
                        0.0,
                        0.0,
                        0.0,
                        0.0
                    ]
                ]
            },
            {
                "label": "E7",
                "type": "E",
                "chain_id": "A",
                "start": 0,
                "end": 0,
                "color": "s053",
                "rainbow": "s488",
                "found_in": 78,
                "occurrence": 0.484472049689441,
                "start_vector": [
                    224.91373014102558,
                    242.65910262820515,
                    219.51066030769232
                ],
                "end_vector": [
                    220.62234093589745,
                    250.81517261538465,
                    217.78551917948715
                ],
                "variance": 12.436070831917085,
                "covariance": [
                    [
                        1.2859462830029285,
                        -2.9703690041166495,
                        0.29198212778369614,
                        -0.05751734575335369,
                        0.24515858670922427,
                        0.21449977787563593
                    ],
                    [
                        -2.9703690041166495,
                        8.024212768880087,
                        -1.039439268389183,
                        -0.43165609388341636,
                        -0.17635531264227405,
                        -0.5618962546658915
                    ],
                    [
                        0.29198212778369614,
                        -1.039439268389183,
                        0.3175645733578767,
                        0.05495674733535817,
                        0.0214351463985614,
                        0.016589049984931187
                    ],
                    [
                        -0.05751734575335369,
                        -0.43165609388341636,
                        0.05495674733535817,
                        1.2044128812224757,
                        -1.0629748826225975,
                        0.24480637884518128
                    ],
                    [
                        0.24515858670922427,
                        -0.17635531264227405,
                        0.0214351463985614,
                        -1.0629748826225975,
                        1.4122423880802415,
                        -0.17184725955798213
                    ],
                    [
                        0.21449977787563593,
                        -0.5618962546658915,
                        0.016589049984931187,
                        0.24480637884518128,
                        -0.17184725955798213,
                        0.19169193737347504
                    ]
                ],
                "sheet_id": 1
            },
            {
                "label": "H8",
                "type": "H",
                "chain_id": "A",
                "start": 0,
                "end": 0,
                "color": "s346",
                "rainbow": "s524",
                "found_in": 17,
                "occurrence": 0.10559006211180125,
                "start_vector": [
                    208.15046235294116,
                    250.88628323529412,
                    222.57027335294117
                ],
                "end_vector": [
                    208.8342665294118,
                    247.4721636470588,
                    224.73139676470586
                ],
                "variance": 59.67961641768364,
                "covariance": [
                    [
                        13.999318144349614,
                        10.590971733436415,
                        -11.728559770272005,
                        -0.44526176267476686,
                        6.459819781291519,
                        -18.421684781779465
                    ],
                    [
                        10.590971733436415,
                        8.07085771761145,
                        -8.939876695306657,
                        -0.218616194191326,
                        4.814254808045103,
                        -14.026273913743328
                    ],
                    [
                        -11.728559770272005,
                        -8.939876695306657,
                        9.90256459132949,
                        0.23758255926724314,
                        -5.328579358128005,
                        15.536077336064839
                    ],
                    [
                        -0.44526176267476686,
                        -0.218616194191326,
                        0.23758255926724314,
                        0.25580749353326665,
                        -0.3542787287976159,
                        0.40477477595476324
                    ],
                    [
                        6.459819781291519,
                        4.814254808045103,
                        -5.328579358128005,
                        -0.3542787287976159,
                        3.0724574602980024,
                        -8.388900369312982
                    ],
                    [
                        -18.421684781779465,
                        -14.026273913743328,
                        15.536077336064839,
                        0.40477477595476324,
                        -8.388900369312982,
                        24.37861101056182
                    ]
                ]
            },
            {
                "label": "E9",
                "type": "E",
                "chain_id": "A",
                "start": 0,
                "end": 0,
                "color": "s639",
                "rainbow": "s587",
                "found_in": 149,
                "occurrence": 0.9254658385093167,
                "start_vector": [
                    210.93772324832216,
                    243.4175112080537,
                    224.6559881744966
                ],
                "end_vector": [
                    210.3846744161074,
                    238.79082697986578,
                    218.16242093959733
                ],
                "variance": 7.106681481006497,
                "covariance": [
                    [
                        0.22979960750052564,
                        0.2638928246817235,
                        0.4746314228831795,
                        0.013156906247483521,
                        -0.22050289821817592,
                        -0.12419983019019298
                    ],
                    [
                        0.2638928246817235,
                        1.0273774581716382,
                        1.475513749117877,
                        0.12052494084803539,
                        -0.29535209313682487,
                        -0.015798043669329194
                    ],
                    [
                        0.4746314228831795,
                        1.475513749117877,
                        2.5508011497657685,
                        0.17724478300917823,
                        -0.1704411378137153,
                        0.4408204488846959
                    ],
                    [
                        0.013156906247483521,
                        0.12052494084803539,
                        0.17724478300917823,
                        0.08364505571420454,
                        -0.05942023287007236,
                        0.071664465990722
                    ],
                    [
                        -0.22050289821817592,
                        -0.29535209313682487,
                        -0.1704411378137153,
                        -0.05942023287007236,
                        1.3484455263023847,
                        0.9228952089376823
                    ],
                    [
                        -0.12419983019019298,
                        -0.015798043669329194,
                        0.4408204488846959,
                        0.071664465990722,
                        0.9228952089376823,
                        1.8666126835519763
                    ]
                ],
                "sheet_id": 1
            },
            {
                "label": "E10",
                "type": "E",
                "chain_id": "A",
                "start": 0,
                "end": 0,
                "color": "s933",
                "rainbow": "s648",
                "found_in": 14,
                "occurrence": 0.08695652173913043,
                "start_vector": [
                    214.38422857142854,
                    236.6184152142857,
                    219.82910928571428
                ],
                "end_vector": [
                    215.100641,
                    239.9639087142857,
                    219.61852021428572
                ],
                "variance": 4.272317931669075,
                "covariance": [
                    [
                        0.03496730641887911,
                        -0.04483170894474689,
                        -0.05353695292586777,
                        0.04202425507407753,
                        0.3352648786154095,
                        0.06158592600548377
                    ],
                    [
                        -0.04483170894474689,
                        0.16297363809740886,
                        0.12953277989385456,
                        -0.06100590899546135,
                        -0.4929786582444724,
                        -0.09190158670389488
                    ],
                    [
                        -0.05353695292586777,
                        0.12953277989385456,
                        0.163282157186217,
                        -0.09234089807138367,
                        -0.6993657167797512,
                        -0.10563125327983373
                    ],
                    [
                        0.04202425507407753,
                        -0.06100590899546135,
                        -0.09234089807138367,
                        0.06337440552400041,
                        0.4846627576067719,
                        0.07691105635830847
                    ],
                    [
                        0.3352648786154095,
                        -0.4929786582444724,
                        -0.6993657167797512,
                        0.4846627576067719,
                        3.737324691981311,
                        0.6108195421319932
                    ],
                    [
                        0.06158592600548377,
                        -0.09190158670389488,
                        -0.10563125327983373,
                        0.07691105635830847,
                        0.6108195421319932,
                        0.11039573246125899
                    ]
                ],
                "sheet_id": 1
            },
            {
                "label": "E11",
                "type": "E",
                "chain_id": "A",
                "start": 0,
                "end": 0,
                "color": "s226",
                "rainbow": "s710",
                "found_in": 149,
                "occurrence": 0.9254658385093167,
                "start_vector": [
                    214.59513716778525,
                    238.23906000671138,
                    218.58538357718118
                ],
                "end_vector": [
                    215.75819824161073,
                    248.70250505369128,
                    225.73436135570466
                ],
                "variance": 8.656766025091288,
                "covariance": [
                    [
                        0.2676156362775596,
                        0.7255089721194592,
                        0.2601172154966331,
                        -0.10943545341839175,
                        -0.09183262493786816,
                        0.16200531571502857
                    ],
                    [
                        0.7255089721194592,
                        4.83347639089264,
                        1.133259745708681,
                        -0.10330467570404797,
                        -1.1003278165353256,
                        1.6317465412511114
                    ],
                    [
                        0.2601172154966331,
                        1.133259745708681,
                        0.5537749903146799,
                        -0.06760800669926205,
                        -0.14176016743490388,
                        0.4514313120505904
                    ],
                    [
                        -0.10943545341839175,
                        -0.10330467570404797,
                        -0.06760800669926205,
                        0.1525197138661565,
                        0.028839454848014052,
                        0.16605384745862845
                    ],
                    [
                        -0.09183262493786816,
                        -1.1003278165353256,
                        -0.14176016743490388,
                        0.028839454848014052,
                        1.3429169266004852,
                        0.2849573259522021
                    ],
                    [
                        0.16200531571502857,
                        1.6317465412511114,
                        0.4514313120505904,
                        0.16605384745862845,
                        0.2849573259522021,
                        1.5064623671397677
                    ]
                ],
                "sheet_id": 1
            },
            {
                "label": "E12",
                "type": "E",
                "chain_id": "A",
                "start": 0,
                "end": 0,
                "color": "s519",
                "rainbow": "s769",
                "found_in": 6,
                "occurrence": 0.037267080745341616,
                "start_vector": [
                    215.98651866666663,
                    246.016988,
                    224.35723133333332
                ],
                "end_vector": [
                    216.23380433333338,
                    248.14384366666664,
                    227.79393716666667
                ],
                "variance": 14.765270951271166,
                "covariance": [
                    [
                        0.4615005054342602,
                        1.2933895992659892,
                        1.885325691651114,
                        0.4166371889341334,
                        0.16011456112726696,
                        1.0838173511950573
                    ],
                    [
                        1.2933895992659892,
                        3.6248228583995905,
                        5.283769230273376,
                        1.167656952460007,
                        0.4487331407050033,
                        3.0374808195019916
                    ],
                    [
                        1.885325691651114,
                        5.283769230273376,
                        7.701953759615016,
                        1.7020499638578734,
                        0.6541015376859369,
                        4.427622640570512
                    ],
                    [
                        0.4166371889341334,
                        1.167656952460007,
                        1.7020499638578734,
                        0.3761351673846722,
                        0.14454951357773566,
                        0.9784575298855387
                    ],
                    [
                        0.16011456112726696,
                        0.4487331407050033,
                        0.6541015376859369,
                        0.14454951357773566,
                        0.055550719657867634,
                        0.37602345230206935
                    ],
                    [
                        1.0838173511950573,
                        3.0374808195019916,
                        4.427622640570512,
                        0.9784575298855387,
                        0.37602345230206935,
                        2.5453079407797587
                    ]
                ],
                "sheet_id": 3
            },
            {
                "label": "E13",
                "type": "E",
                "chain_id": "A",
                "start": 0,
                "end": 0,
                "color": "s813",
                "rainbow": "s773",
                "found_in": 6,
                "occurrence": 0.037267080745341616,
                "start_vector": [
                    217.19553183333335,
                    251.75768549999998,
                    224.85865366666667
                ],
                "end_vector": [
                    217.8250545,
                    248.72315600000002,
                    222.16859966666667
                ],
                "variance": 19.986552269765674,
                "covariance": [
                    [
                        0.033680307470568334,
                        -0.07685981229370041,
                        -0.4004036980810763,
                        0.20600808689430494,
                        -0.4122309721820095,
                        -0.5416774027512802
                    ],
                    [
                        -0.07685981229370041,
                        0.1753972681518932,
                        0.9137376213073815,
                        -0.47011890668349055,
                        0.94072796725678,
                        1.2361299609003764
                    ],
                    [
                        -0.4004036980810763,
                        0.9137376213073815,
                        4.760145609442659,
                        -2.4490996313157964,
                        4.900752352939188,
                        6.4396588278556655
                    ],
                    [
                        0.20600808689430494,
                        -0.47011890668349055,
                        -2.4490996313157964,
                        1.260064330807498,
                        -2.521441936029593,
                        -3.3132108663253987
                    ],
                    [
                        -0.4122309721820095,
                        0.94072796725678,
                        4.900752352939188,
                        -2.521441936029593,
                        5.045512944036782,
                        6.62987593246359
                    ],
                    [
                        -0.5416774027512802,
                        1.2361299609003764,
                        6.4396588278556655,
                        -3.3132108663253987,
                        6.62987593246359,
                        8.711751809856272
                    ]
                ],
                "sheet_id": 3
            },
            {
                "label": "E14",
                "type": "E",
                "chain_id": "A",
                "start": 0,
                "end": 0,
                "color": "s106",
                "rainbow": "s835",
                "found_in": 158,
                "occurrence": 0.9813664596273292,
                "start_vector": [
                    216.5744088734177,
                    251.4008962658228,
                    222.85899506962025
                ],
                "end_vector": [
                    221.355395443038,
                    239.58190852531644,
                    216.30459644303795
                ],
                "variance": 8.093526035048406,
                "covariance": [
                    [
                        0.3816281526666982,
                        -0.4579494480518205,
                        -0.35578594680613745,
                        -0.40054642388621226,
                        0.7214052686066091,
                        0.43146254152875746
                    ],
                    [
                        -0.4579494480518205,
                        1.3657333855403482,
                        0.8643039321238614,
                        0.08383732711355926,
                        -0.457978366231823,
                        -0.49864304074087035
                    ],
                    [
                        -0.35578594680613745,
                        0.8643039321238614,
                        0.9358120744710462,
                        0.08379980796230596,
                        -0.34298628809234705,
                        -0.34178034588305534
                    ],
                    [
                        -0.40054642388621226,
                        0.08383732711355926,
                        0.08379980796230596,
                        1.0689339972022482,
                        -1.7681356026631956,
                        -0.7868317031908093
                    ],
                    [
                        0.7214052686066091,
                        -0.457978366231823,
                        -0.34298628809234705,
                        -1.7681356026631956,
                        3.4193913551592816,
                        1.5231551488074404
                    ],
                    [
                        0.43146254152875746,
                        -0.49864304074087035,
                        -0.34178034588305534,
                        -0.7868317031908093,
                        1.5231551488074404,
                        0.9220270700087827
                    ]
                ],
                "sheet_id": 1
            },
            {
                "label": "E15",
                "type": "E",
                "chain_id": "A",
                "start": 0,
                "end": 0,
                "color": "s399",
                "rainbow": "s897",
                "found_in": 6,
                "occurrence": 0.037267080745341616,
                "start_vector": [
                    220.10021133333336,
                    243.23488466666666,
                    217.86893700000005
                ],
                "end_vector": [
                    222.70400983333334,
                    238.4339318333333,
                    216.50284050000002
                ],
                "variance": 10.273194166320387,
                "covariance": [
