{
    "consensus": {
        "secondary_structure_elements": [
            {
                "label": "E0",
                "type": "E",
                "chain_id": "A",
                "start": 0,
                "end": 0,
                "color": "s000",
                "rainbow": "s119",
                "found_in": 9,
                "occurrence": 1.0,
                "start_vector": [
                    260.7231635555555,
                    222.95952055555554,
                    225.74820588888892
                ],
                "end_vector": [
                    256.2205818888889,
                    217.0034016666667,
                    219.469608
                ],
                "variance": 5.143525630055535,
                "covariance": [
                    [
                        0.31535371854902583,
                        0.2575475593590264,
                        0.6409251111596931,
                        0.38966035682419553,
                        0.23812779807921033,
                        0.2010677709298738
                    ],
                    [
                        0.2575475593590264,
                        0.3797333128802806,
                        0.49623062412119545,
                        0.18322724796031972,
                        0.005993302740332516,
                        -0.11987696099137668
                    ],
                    [
                        0.6409251111596931,
                        0.49623062412119545,
                        1.7050599437168616,
                        1.1257309373488673,
                        0.919337760932339,
                        0.8844677288314902
                    ],
                    [
                        0.38966035682419553,
                        0.18322724796031972,
                        1.1257309373488673,
                        0.8589367513491223,
                        0.7735136241757193,
                        0.8192914784906236
                    ],
                    [
                        0.23812779807921033,
                        0.005993302740332516,
                        0.919337760932339,
                        0.7735136241757193,
                        0.8122711433205119,
                        0.9107482055424989
                    ],
                    [
                        0.2010677709298738,
                        -0.11987696099137668,
                        0.8844677288314902,
                        0.8192914784906236,
                        0.9107482055424989,
                        1.0721707602397323
                    ]
                ],
                "sheet_id": 1
            },
            {
                "label": "E1",
                "type": "E",
                "chain_id": "A",
                "start": 0,
                "end": 0,
                "color": "s293",
                "rainbow": "s156",
                "found_in": 8,
                "occurrence": 0.8888888888888888,
                "start_vector": [
                    247.56917325,
                    206.382823375,
                    222.174533875
                ],
                "end_vector": [
                    245.711780375,
                    203.70606587499998,
                    222.588771375
                ],
                "variance": 2.80584942184526,
                "covariance": [
                    [
                        0.984973026327926,
                        1.2608326770114633,
                        -0.17180664839153123,
                        0.14683200333345814,
                        -0.05313019286782202,
                        0.011867558090608254
                    ],
                    [
                        1.2608326770114633,
                        1.6884199955539814,
                        -0.18255562551594157,
                        0.1469054725232619,
                        -0.05649630804637575,
                        0.0464118180858404
                    ],
                    [
                        -0.17180664839153123,
                        -0.18255562551594157,
                        0.054084873792123345,
                        -0.044401941111801534,
                        0.017552959013696325,
                        0.016795271229624455
                    ],
                    [
                        0.14683200333345814,
                        0.1469054725232619,
                        -0.044401941111801534,
                        0.04746385275083674,
                        -0.010321583325660178,
                        -0.011096274324303117
                    ],
                    [
                        -0.05313019286782202,
                        -0.05649630804637575,
                        0.017552959013696325,
                        -0.010321583325660178,
                        0.009936088324696949,
                        0.009930245115481939
                    ],
                    [
                        0.011867558090608254,
                        0.0464118180858404,
                        0.016795271229624455,
                        -0.011096274324303117,
                        0.009930245115481939,
                        0.02097158509569588
                    ]
                ],
                "sheet_id": 2
            },
            {
                "label": "E2",
                "type": "E",
                "chain_id": "A",
                "start": 0,
                "end": 0,
                "color": "s586",
                "rainbow": "s192",
                "found_in": 9,
                "occurrence": 1.0,
                "start_vector": [
                    236.42947922222226,
                    200.153954,
                    210.06978533333333
                ],
                "end_vector": [
                    240.89771811111112,
                    212.7943467777778,
                    224.5496767777778
                ],
                "variance": 11.432939027009166,
                "covariance": [
                    [
                        0.9535996226381971,
                        0.10367543783025544,
                        -0.24806840322670912,
                        -1.7032653431526552,
                        -1.3872494052869466,
                        -1.832701977534198
                    ],
                    [
                        0.10367543783025544,
                        0.4106749469605018,
                        0.25619562676762203,
                        -0.5162296315706274,
                        -0.6106596149742534,
                        -0.5593135825370065
                    ],
                    [
                        -0.24806840322670912,
                        0.25619562676762203,
                        0.30351716557074593,
                        0.20161279844234223,
                        0.031632949735215826,
                        0.23070493252458943
                    ],
                    [
                        -1.7032653431526552,
                        -0.5162296315706274,
                        0.20161279844234223,
                        3.331519208139598,
                        2.8707524740195143,
                        3.5878148017232694
                    ],
                    [
                        -1.3872494052869466,
                        -0.6106596149742534,
                        0.031632949735215826,
                        2.8707524740195143,
                        2.561139557258184,
                        3.0952405295743124
                    ],
                    [
                        -1.832701977534198,
                        -0.5593135825370065,
                        0.23070493252458943,
                        3.5878148017232694,
                        3.0952405295743124,
                        3.87248852644194
                    ]
                ],
                "sheet_id": 3
            },
            {
                "label": "E3",
                "type": "E",
                "chain_id": "A",
                "start": 0,
                "end": 0,
                "color": "s879",
                "rainbow": "s214",
                "found_in": 1,
                "occurrence": 0.1111111111111111,
                "start_vector": [
                    240.322937,
                    210.701484,
                    225.232832
                ],
                "end_vector": [
                    245.6043,
                    212.75389,
                    223.71544
                ],
                "variance": 0.0,
                "covariance": [
                    [
                        0.0,
                        0.0,
                        0.0,
                        0.0,
                        0.0,
                        0.0
                    ],
                    [
                        0.0,
                        0.0,
                        0.0,
                        0.0,
                        0.0,
                        0.0
                    ],
                    [
                        0.0,
                        0.0,
                        0.0,
                        0.0,
                        0.0,
                        0.0
                    ],
                    [
                        0.0,
                        0.0,
                        0.0,
                        0.0,
                        0.0,
                        0.0
                    ],
                    [
                        0.0,
                        0.0,
                        0.0,
                        0.0,
                        0.0,
                        0.0
                    ],
                    [
                        0.0,
                        0.0,
                        0.0,
                        0.0,
                        0.0,
                        0.0
                    ]
                ],
                "sheet_id": 4
            },
            {
                "label": "E4",
                "type": "E",
                "chain_id": "A",
                "start": 0,
                "end": 0,
                "color": "s173",
                "rainbow": "s236",
                "found_in": 9,
                "occurrence": 1.0,
                "start_vector": [
                    252.03646477777778,
                    220.65370322222222,
                    222.12557833333332
                ],
                "end_vector": [
                    262.91066333333333,
                    218.52417455555553,
                    231.96388177777777
                ],
                "variance": 13.771803658088814,
                "covariance": [
                    [
                        0.3342408928274431,
                        0.12437549468018114,
                        0.8240990889282086,
                        0.4856537884010862,
                        -0.3130082432149872,
                        0.27464895015919877
                    ],
                    [
                        0.12437549468018114,
                        0.11565441424719661,
                        0.5133509194391758,
                        0.6770672261226688,
                        -0.2456010851907672,
                        0.5259818302213081
                    ],
                    [
                        0.8240990889282086,
                        0.5133509194391758,
                        2.9615818181792726,
                        2.594771242326878,
                        -1.1891825286305895,
                        1.9175289151045853
                    ],
                    [
                        0.4856537884010862,
                        0.6770672261226688,
                        2.594771242326878,
                        5.8833206514251914,
                        -1.6433393736013358,
                        4.7500646079788
                    ],
                    [
                        -0.3130082432149872,
                        -0.2456010851907672,
                        -1.1891825286305895,
                        -1.6433393736013358,
                        0.5839885777985322,
                        -1.2683343068169908
                    ],
                    [
                        0.27464895015919877,
                        0.5259818302213081,
                        1.9175289151045853,
                        4.7500646079788,
                        -1.2683343068169908,
                        3.893017303611177
                    ]
                ],
                "sheet_id": 1
            },
            {
                "label": "E5",
                "type": "E",
                "chain_id": "A",
                "start": 0,
                "end": 0,
                "color": "s466",
                "rainbow": "s257",
                "found_in": 1,
                "occurrence": 0.1111111111111111,
                "start_vector": [
                    261.643,
                    218.699,
                    230.917
                ],
                "end_vector": [
                    263.756,
                    218.12,
                    232.0
                ],
                "variance": 0.0,
                "covariance": [
                    [
                        0.0,
                        0.0,
                        0.0,
                        0.0,
                        0.0,
                        0.0
                    ],
                    [
                        0.0,
                        0.0,
                        0.0,
                        0.0,
                        0.0,
                        0.0
                    ],
                    [
                        0.0,
                        0.0,
                        0.0,
                        0.0,
                        0.0,
                        0.0
                    ],
                    [
                        0.0,
                        0.0,
                        0.0,
                        0.0,
                        0.0,
                        0.0
                    ],
                    [
                        0.0,
                        0.0,
                        0.0,
                        0.0,
                        0.0,
                        0.0
                    ],
                    [
                        0.0,
                        0.0,
                        0.0,
                        0.0,
                        0.0,
                        0.0
                    ]
                ],
                "sheet_id": 1
            },
            {
                "label": "E6",
                "type": "E",
                "chain_id": "A",
                "start": 0,
                "end": 0,
                "color": "s759",
                "rainbow": "s279",
                "found_in": 9,
                "occurrence": 1.0,
                "start_vector": [
                    255.7468287777778,
                    219.07306055555557,
                    240.27635788888892
                ],
                "end_vector": [
                    249.81841622222223,
                    218.50543077777778,
                    237.4130917777778
                ],
                "variance": 7.5208783573821405,
                "covariance": [
                    [
                        4.458093724239931,
                        -0.09249233539823384,
                        2.3417468514493436,
                        -1.310555755984177,
                        -0.05181262325117725,
                        -0.3018747378451775
                    ],
                    [
                        -0.09249233539823384,
                        0.1899557548592734,
                        -0.030205251421300726,
                        -0.40574927041488523,
                        -0.02493693514960982,
                        -0.16644695283123484
                    ],
                    [
                        2.3417468514493436,
                        -0.030205251421300726,
                        1.2414088741133618,
                        -0.7449687912285979,
                        -0.022591137755027198,
                        -0.1810776832364051
                    ],
                    [
                        -1.310555755984177,
                        -0.40574927041488523,
                        -0.7449687912285979,
                        1.4185834589996853,
                        0.056427982483179,
                        0.500771985051555
                    ],
                    [
                        -0.05181262325117725,
                        -0.02493693514960982,
                        -0.022591137755027198,
                        0.056427982483179,
                        0.027241451671694006,
                        0.02215062225581904
                    ],
                    [
                        -0.3018747378451775,
                        -0.16644695283123484,
                        -0.1810776832364051,
                        0.500771985051555,
                        0.02215062225581904,
                        0.18559509349819517
                    ]
                ],
                "sheet_id": 5
            },
            {
                "label": "E7",
                "type": "E",
                "chain_id": "A",
                "start": 0,
                "end": 0,
                "color": "s053",
                "rainbow": "s318",
                "found_in": 9,
                "occurrence": 1.0,
                "start_vector": [
                    247.47218877777777,
                    213.30858988888886,
                    231.00143455555553
                ],
                "end_vector": [
                    266.51442233333336,
                    207.1938037777778,
                    228.0704312222222
                ],
                "variance": 10.674878515343213,
                "covariance": [
                    [
                        1.2190143214406872,
                        -0.419869002177155,
                        -0.2559315870632336,
                        -1.5721857152371763,
                        0.5345683763170663,
                        0.06435843315242891
                    ],
                    [
                        -0.419869002177155,
                        0.20859646674986337,
                        0.038800392150820075,
                        1.1229735427878005,
                        -0.4799323421059037,
                        0.04161214093940304
                    ],
                    [
                        -0.2559315870632336,
                        0.038800392150820075,
                        0.10591863032052634,
                        -0.0998108915048316,
                        0.10156014983826432,
                        -0.05493550075713864
                    ],
                    [
                        -1.5721857152371763,
                        1.1229735427878005,
                        -0.0998108915048316,
                        7.417109311239256,
                        -3.442149004274279,
                        0.49270956876241434
                    ],
                    [
                        0.5345683763170663,
                        -0.4799323421059037,
                        0.10156014983826432,
                        -3.442149004274279,
                        1.6491574142809353,
                        -0.2695919474609434
                    ],
                    [
                        0.06435843315242891,
                        0.04161214093940304,
                        -0.05493550075713864,
                        0.49270956876241434,
                        -0.2695919474609434,
                        0.07508237131194447
                    ]
                ],
                "sheet_id": 1
            },
            {
                "label": "E8",
                "type": "E",
                "chain_id": "A",
                "start": 0,
                "end": 0,
                "color": "s346",
                "rainbow": "s342",
                "found_in": 2,
                "occurrence": 0.2222222222222222,
                "start_vector": [
                    262.943,
                    206.458,
                    238.1055
                ],
                "end_vector": [
                    260.90200000000004,
                    206.5315,
                    238.688
                ],
                "variance": 40.12895299999979,
                "covariance": [
                    [
                        13.457671999999938,
                        2.396855999999938,
                        -9.403249999999979,
                        13.63925199999992,
                        -3.556374000000016,
                        -8.129595999999946
                    ],
                    [
                        2.396855999999938,
                        0.42688799999997984,
                        -1.6747499999999604,
                        2.429195999999934,
                        -0.6334019999999894,
                        -1.4479079999999593
                    ],
                    [
                        -9.403249999999979,
                        -1.6747499999999604,
                        6.5703125,
                        -9.530124999999966,
                        2.484937500000017,
                        5.680374999999975
                    ],
                    [
                        13.63925199999992,
                        2.429195999999934,
                        -9.530124999999966,
                        13.823281999999903,
                        -3.6043590000000116,
                        -8.239285999999934
                    ],
                    [
                        -3.556374000000016,
                        -0.6334019999999894,
                        2.484937500000017,
                        -3.6043590000000116,
                        0.9398205000000128,
                        2.148357000000005
                    ],
                    [
                        -8.129595999999946,
                        -1.4479079999999593,
                        5.680374999999975,
                        -8.239285999999934,
                        2.148357000000005,
                        4.9109779999999565
                    ]
                ],
                "sheet_id": 5
            },
            {
                "label": "E9",
                "type": "E",
                "chain_id": "A",
                "start": 0,
                "end": 0,
                "color": "s639",
                "rainbow": "s365",
                "found_in": 9,
                "occurrence": 1.0,
                "start_vector": [
                    260.26848788888884,
                    206.02473477777778,
                    239.1874848888889
                ],
                "end_vector": [
                    247.1899098888889,
                    213.219808,
                    245.13052888888888
                ],
                "variance": 23.3133075496939,
                "covariance": [
                    [
                        16.137124096215114,
                        -5.830081640033643,
                        -7.956991782184277,
                        -1.5605628651626369,
                        -1.477512189675883,
                        -0.36232013948990016
                    ],
                    [
                        -5.830081640033643,
                        2.6572429625711855,
                        2.912226094233717,
                        0.49924520166646585,
                        0.22928544955949987,
                        0.2431504637566046
                    ],
                    [
                        -7.956991782184277,
                        2.912226094233717,
                        3.934228021847122,
                        0.7498031503137358,
                        0.7167660723955074,
                        0.19292680501724135
                    ],
                    [
                        -1.5605628651626369,
                        0.49924520166646585,
                        0.7498031503137358,
                        0.21218914711836281,
                        0.15984144816637827,
                        0.013245502514735332
                    ],
                    [
                        -1.477512189675883,
                        0.22928544955949987,
                        0.7167660723955074,
                        0.15984144816637827,
                        0.3303640265905024,
                        -0.022857022944750584
                    ],
                    [
                        -0.36232013948990016,
                        0.2431504637566046,
                        0.19292680501724135,
                        0.013245502514735332,
                        -0.022857022944750584,
                        0.0421592953516121
                    ]
                ],
                "sheet_id": 5
            },
            {
                "label": "E10",
                "type": "E",
                "chain_id": "A",
                "start": 0,
                "end": 0,
                "color": "s933",
                "rainbow": "s387",
                "found_in": 1,
                "occurrence": 0.1111111111111111,
                "start_vector": [
                    248.008363,
                    208.466108,
                    248.960487
                ],
                "end_vector": [
                    252.042929,
                    206.074107,
                    245.822455
                ],
                "variance": 0.0,
                "covariance": [
                    [
                        0.0,
                        0.0,
                        0.0,
                        0.0,
                        0.0,
                        0.0
                    ],
                    [
                        0.0,
                        0.0,
                        0.0,
                        0.0,
                        0.0,
                        0.0
                    ],
                    [
                        0.0,
                        0.0,
                        0.0,
                        0.0,
                        0.0,
                        0.0
                    ],
                    [
                        0.0,
                        0.0,
                        0.0,
                        0.0,
                        0.0,
                        0.0
                    ],
                    [
                        0.0,
                        0.0,
                        0.0,
                        0.0,
                        0.0,
                        0.0
                    ],
                    [
                        0.0,
                        0.0,
                        0.0,
                        0.0,
                        0.0,
                        0.0
                    ]
                ],
                "sheet_id": 5
            },
            {
                "label": "E11",
                "type": "E",
                "chain_id": "A",
                "start": 0,
                "end": 0,
                "color": "s226",
                "rainbow": "s409",
                "found_in": 9,
                "occurrence": 1.0,
                "start_vector": [
                    249.4561886666667,
                    207.539704,
                    245.38028233333333
                ],
                "end_vector": [
                    262.920516,
                    198.601498,
                    240.54005577777778
                ],
                "variance": 17.658231065601747,
                "covariance": [
                    [
                        7.991290662368297,
                        -5.31657128411765,
                        -4.052455292253256,
                        -0.8336828947778999,
                        0.18026155585037154,
                        0.9292932302821627
                    ],
                    [
                        -5.31657128411765,
                        3.601908088959011,
                        2.874567407392374,
                        0.22554426774639771,
                        0.04929604290462446,
                        -0.6287584767394951
                    ],
                    [
                        -4.052455292253256,
                        2.874567407392374,
                        2.6433797637789973,
                        -0.7421226448527386,
                        0.4874604065745018,
                        -0.49415544781141124
                    ],
                    [
                        -0.8336828947778999,
                        0.22554426774639771,
                        -0.7421226448527386,
                        2.521935141197997,
                        -1.2598361235744966,
                        -0.11368769306838497
                    ],
                    [
                        0.18026155585037154,
                        0.04929604290462446,
                        0.4874604065745018,
                        -1.2598361235744966,
                        0.6732545655799994,
                        0.07770351863838014
                    ],
                    [
                        0.9292932302821627,
                        -0.6287584767394951,
                        -0.49415544781141124,
                        -0.11368769306838497,
                        0.07770351863838014,
                        0.2264628437174463
                    ]
                ],
                "sheet_id": 5
            },
            {
                "label": "E12",
                "type": "E",
                "chain_id": "A",
                "start": 0,
                "end": 0,
                "color": "s519",
                "rainbow": "s448",
                "found_in": 9,
                "occurrence": 1.0,
                "start_vector": [
                    260.09166633333336,
                    194.71892755555558,
                    240.1756511111111
                ],
                "end_vector": [
                    249.81331555555556,
                    202.17256922222225,
                    246.90243744444444
                ],
                "variance": 3.861798836317139,
                "covariance": [
                    [
                        2.941045143445753,
                        -1.212049957769325,
                        -0.359699615202045,
                        -0.1105885214932143,
                        -0.3931579346530904,
                        -0.6509264421657945
                    ],
                    [
                        -1.212049957769325,
                        0.5301546401127704,
                        0.18144482710668147,
                        0.04594735095952851,
                        0.1546292326652382,
                        0.2700549363285974
                    ],
                    [
                        -0.359699615202045,
                        0.18144482710668147,
                        0.10498890420836314,
                        -0.0033306528443197286,
                        0.043526635144599285,
                        0.07895522995207088
                    ],
                    [
                        -0.1105885214932143,
                        0.04594735095952851,
                        -0.0033306528443197286,
                        0.06922459332352765,
                        -0.0023757882303875382,
                        0.025339192065973945
                    ],
                    [
                        -0.3931579346530904,
                        0.1546292326652382,
                        0.043526635144599285,
                        -0.0023757882303875382,
                        0.07054599193844589,
                        0.08252600064639058
                    ],
                    [
                        -0.6509264421657945,
                        0.2700549363285974,
                        0.07895522995207088,
                        0.025339192065973945,
                        0.08252600064639058,
                        0.1458395632882792
                    ]
                ],
                "sheet_id": 5
            },
            {
                "label": "E13",
                "type": "E",
                "chain_id": "A",
                "start": 0,
                "end": 0,
                "color": "s813",
                "rainbow": "s478",
                "found_in": 5,
                "occurrence": 0.5555555555555556,
                "start_vector": [
                    258.96634359999996,
                    207.82879279999997,
                    248.71870879999997
                ],
                "end_vector": [
                    262.33660380000003,
                    206.71802200000002,
                    248.83331399999997
                ],
                "variance": 228.30171156031187,
                "covariance": [
                    [
                        76.75073103418924,
                        12.798048040615162,
                        -36.03369824083358,
                        91.6920222722684,
                        -10.367731666373242,
                        -40.65188240529622
                    ],
                    [
                        12.798048040615162,
                        2.1490605032777066,
                        -6.013297174314055,
                        15.289883487365977,
                        -1.717771903334001,
                        -6.7817233799782555
                    ],
                    [
                        -36.03369824083358,
                        -6.013297174314055,
                        16.91895807371869,
                        -43.0486114586263,
                        4.864061385101747,
                        19.086628579712233
                    ],
                    [
                        91.6920222722684,
                        15.289883487365977,
                        -43.0486114586263,
                        109.54198968439226,
                        -12.385753530563246,
                        -48.56578708458774
                    ],
                    [
                        -10.367731666373242,
                        -1.717771903334001,
                        4.864061385101747,
                        -12.385753530563246,
                        1.408610545189499,
                        5.489111200654246
                    ],
                    [
                        -40.65188240529622,
                        -6.7817233799782555,
                        19.086628579712233,
                        -48.56578708458774,
                        5.489111200654246,
                        21.53236171954448
                    ]
                ],
                "sheet_id": 5
            },
            {
                "label": "E14",
                "type": "E",
                "chain_id": "A",
                "start": 0,
                "end": 0,
                "color": "s106",
                "rainbow": "s493",
                "found_in": 2,
                "occurrence": 0.2222222222222222,
                "start_vector": [
                    250.89499999999998,
                    204.83499999999998,
                    257.17449999999997
                ],
                "end_vector": [
                    248.44150000000002,
                    204.625,
                    257.197
                ],
                "variance": 3.033763000000033,
                "covariance": [
                    [
                        0.8502080000000027,
                        -0.6715600000000018,
                        -0.3788119999999748,
                        0.8482520000000118,
                        -0.592016000000011,
                        -0.4381440000000173
                    ],
                    [
                        -0.6715600000000018,
                        0.5304500000000012,
                        0.29921499999997997,
                        -0.6700150000000091,
                        0.4676200000000085,
                        0.3460800000000135
                    ],
                    [
                        -0.3788119999999748,
                        0.29921499999997997,
                        0.16878049999997702,
                        -0.3779404999999789,
                        0.2637739999999865,
                        0.19521599999999412
                    ],
                    [
                        0.8482520000000118,
                        -0.6700150000000091,
                        -0.3779404999999789,
                        0.846300500000021,
                        -0.5906540000000173,
                        -0.437136000000022
                    ],
                    [
                        -0.592016000000011,
                        0.4676200000000085,
                        0.2637739999999865,
                        -0.5906540000000173,
                        0.41223200000001403,
                        0.30508800000001673
                    ],
                    [
                        -0.4381440000000173,
                        0.3460800000000135,
                        0.19521599999999412,
                        -0.437136000000022,
                        0.30508800000001673,
                        0.22579200000001712
                    ]
                ],
                "sheet_id": 5
            },
            {
                "label": "E15",
                "type": "E",
                "chain_id": "A",
                "start": 0,
                "end": 0,
                "color": "s399",
                "rainbow": "s517",
                "found_in": 9,
                "occurrence": 1.0,
                "start_vector": [
                    247.96699255555555,
                    197.45872833333334,
                    247.7872274444444
                ],
                "end_vector": [
                    254.85150733333336,
                    192.72912933333336,
                    241.49142444444448
                ],
                "variance": 4.648050127082324,
                "covariance": [
                    [
                        0.09616346332277795,
                        -0.008476013925456525,
                        0.011543835449723122,
                        0.08349658747454133,
                        -0.012145404615832217,
                        0.17733099236697436
                    ],
                    [
                        -0.008476013925456525,
                        0.019223259352999362,
                        0.03194631792108306,
                        0.004677517545000451,
                        -0.00785488209087413,
                        -0.11968892041553116
                    ],
                    [
                        0.011543835449723122,
                        0.03194631792108306,
                        0.07669711828577888,
                        0.04742769859833486,
                        -0.062110850791417954,
                        -0.3647043286679749
                    ],
                    [
                        0.08349658747454133,
                        0.004677517545000451,
                        0.04742769859833486,
                        0.1319795666905032,
                        -0.09457887171975307,
                        -0.25511827835280143
                    ],
                    [
                        -0.012145404615832217,
                        -0.00785488209087413,
                        -0.062110850791417954,
