{
    "consensus": {
        "secondary_structure_elements": [
            {
                "label": "E0",
                "type": "E",
                "chain_id": "A",
                "start": 0,
                "end": 0,
                "color": "s000",
                "rainbow": "s117",
                "found_in": 16,
                "occurrence": 0.7619047619047619,
                "start_vector": [
                    206.9222635625,
                    250.50721675,
                    263.9577845625
                ],
                "end_vector": [
                    208.23404575,
                    250.1493450625,
                    261.78718412499995
                ],
                "variance": 1.835707050089779,
                "covariance": [
                    [
                        0.19971909450972958,
                        0.1315744820347479,
                        0.19046079936672872,
                        0.16920150599441527,
                        0.038558879128562894,
                        0.03352256472179004
                    ],
                    [
                        0.1315744820347479,
                        0.29460353995566707,
                        0.3081898059294145,
                        0.03588118799432891,
                        0.09725110387675091,
                        0.027784842812165898
                    ],
                    [
                        0.19046079936672872,
                        0.3081898059294145,
                        0.9880522158130708,
                        -0.09180823450025691,
                        0.03840494336956337,
                        0.1818556965211233
                    ],
                    [
                        0.16920150599441527,
                        0.03588118799432891,
                        -0.09180823450025691,
                        0.2296343332223334,
                        0.02086225258574831,
                        -0.018103908953834204
                    ],
                    [
                        0.038558879128562894,
                        0.09725110387675091,
                        0.03840494336956337,
                        0.02086225258574831,
                        0.06888288415672988,
                        -0.0039220722458753205
                    ],
                    [
                        0.03352256472179004,
                        0.027784842812165898,
                        0.1818556965211233,
                        -0.018103908953834204,
                        -0.0039220722458753205,
                        0.054814982432248194
                    ]
                ],
                "sheet_id": 1
            },
            {
                "label": "H1",
                "type": "H",
                "chain_id": "A",
                "start": 0,
                "end": 0,
                "color": "s293",
                "rainbow": "s156",
                "found_in": 19,
                "occurrence": 0.9047619047619048,
                "start_vector": [
                    208.97369347368422,
                    249.9112726842105,
                    256.1027535263158
                ],
                "end_vector": [
                    209.53895657894736,
                    249.80600689473684,
                    247.03929015789473
                ],
                "variance": 1.3489037745214667,
                "covariance": [
                    [
                        0.1715298345182603,
                        0.011600975014768646,
                        0.2603087878903982,
                        -0.11727187866673372,
                        -0.0011869650402255574,
                        -0.004230860011913385
                    ],
                    [
                        0.011600975014768646,
                        0.0803266860307836,
                        -0.06948654024243676,
                        0.0717005269199167,
                        0.04981942885568741,
                        -0.026713400448169316
                    ],
                    [
                        0.2603087878903982,
                        -0.06948654024243676,
                        0.7580688707673663,
                        -0.3942669705954884,
                        -0.11067093627822226,
                        0.030250113819190686
                    ],
                    [
                        -0.11727187866673372,
                        0.0717005269199167,
                        -0.3942669705954884,
                        0.24562244569470434,
                        0.07927361318912186,
                        -0.01736727999293016
                    ],
                    [
                        -0.0011869650402255574,
                        0.04981942885568741,
                        -0.11067093627822226,
                        0.07927361318912186,
                        0.06323472465832279,
                        -0.03104106426953836
                    ],
                    [
                        -0.004230860011913385,
                        -0.026713400448169316,
                        0.030250113819190686,
                        -0.01736727999293016,
                        -0.03104106426953836,
                        0.030121212852029615
                    ]
                ]
            },
            {
                "label": "E2",
                "type": "E",
                "chain_id": "A",
                "start": 0,
                "end": 0,
                "color": "s586",
                "rainbow": "s193",
                "found_in": 15,
                "occurrence": 0.7142857142857143,
                "start_vector": [
                    218.41412653333336,
                    254.250518,
                    239.56470786666668
                ],
                "end_vector": [
                    220.74286293333333,
                    253.12283513333335,
                    239.4544228
                ],
                "variance": 1.547768419213319,
                "covariance": [
                    [
                        0.8073215604459795,
                        0.23027152487828545,
                        -0.3694692910404923,
                        0.2970846198474633,
                        0.17157574072592321,
                        0.09855636447439999
                    ],
                    [
                        0.23027152487828545,
                        0.0921932691457145,
                        -0.09939016959028542,
                        0.07920422584914165,
                        0.07959588620028582,
                        0.030638500584571075
                    ],
                    [
                        -0.3694692910404923,
                        -0.09939016959028542,
                        0.28362939527112097,
                        -0.016026474231007712,
                        -0.08308262776855312,
                        -0.03451487670959925
                    ],
                    [
                        0.2970846198474633,
                        0.07920422584914165,
                        -0.016026474231007712,
                        0.26668985780906573,
                        0.05101287896586432,
                        0.03397117186605703
                    ],
                    [
                        0.17157574072592321,
                        0.07959588620028582,
                        -0.08308262776855312,
                        0.05101287896586432,
                        0.0765249622866954,
                        0.021562518487028257
                    ],
                    [
                        0.09855636447439999,
                        0.030638500584571075,
                        -0.03451487670959925,
                        0.03397117186605703,
                        0.021562518487028257,
                        0.0214093742547428
                    ]
                ],
                "sheet_id": 2
            },
            {
                "label": "H3",
                "type": "H",
                "chain_id": "A",
                "start": 0,
                "end": 0,
                "color": "s879",
                "rainbow": "s219",
                "found_in": 8,
                "occurrence": 0.38095238095238093,
                "start_vector": [
                    222.14584025,
                    253.55418724999998,
                    238.363436875
                ],
                "end_vector": [
                    223.9045895,
                    254.60420575,
                    242.04335724999999
                ],
                "variance": 1.2717194136292687,
                "covariance": [
                    [
                        0.5692798855242108,
                        0.04911565500164447,
                        0.09724869906032423,
                        0.511734520255287,
                        -0.016268232526074042,
                        0.165499284577072
                    ],
                    [
                        0.04911565500164447,
                        0.06385963250964095,
                        0.01921701786060796,
                        0.04731794286900004,
                        0.056136686214783744,
                        0.012946004777358652
                    ],
                    [
                        0.09724869906032423,
                        0.01921701786060796,
                        0.039233610318697036,
                        0.08316470083235922,
                        0.009822084563249942,
                        0.05032942854089395
                    ],
                    [
                        0.511734520255287,
                        0.04731794286900004,
                        0.08316470083235922,
                        0.46283572004057644,
                        -0.014938140778861301,
                        0.14542345217742939
                    ],
                    [
                        -0.016268232526074042,
                        0.056136686214783744,
                        0.009822084563249942,
                        -0.014938140778861301,
                        0.06181582715621338,
                        -0.0072401801349283625
                    ],
                    [
                        0.165499284577072,
                        0.012946004777358652,
                        0.05032942854089395,
                        0.14542345217742939,
                        -0.0072401801349283625,
                        0.07469473807992993
                    ]
                ]
            },
            {
                "label": "E4",
                "type": "E",
                "chain_id": "A",
                "start": 0,
                "end": 0,
                "color": "s173",
                "rainbow": "s249",
                "found_in": 19,
                "occurrence": 0.9047619047619048,
                "start_vector": [
                    220.43847915789473,
                    255.1582848421053,
                    246.53385457894737
                ],
                "end_vector": [
                    216.70031763157894,
                    253.6530714210526,
                    260.5005205263158
                ],
                "variance": 6.183618210964411,
                "covariance": [
                    [
                        0.509975838503364,
                        0.0255570839365243,
                        -1.2111694054482047,
                        0.11440728475056401,
                        0.0815680348805381,
                        -0.0433120220678104
                    ],
                    [
                        0.0255570839365243,
                        0.10139357024547307,
                        0.12622608277310243,
                        -0.05260016489206277,
                        -0.0015990215925416136,
                        -0.027262320433633174
                    ],
                    [
                        -1.2111694054482047,
                        0.12622608277310243,
                        5.41198931466903,
                        -0.38981296247739367,
                        -0.39201415389219707,
                        0.05541734566796894
                    ],
                    [
                        0.11440728475056401,
                        -0.05260016489206277,
                        -0.38981296247739367,
                        0.08790933059035878,
                        0.028104939972274662,
                        -0.0037841777784062146
                    ],
                    [
                        0.0815680348805381,
                        -0.0015990215925416136,
                        -0.39201415389219707,
                        0.028104939972274662,
                        0.04425201613792376,
                        -0.00901258484567859
                    ],
                    [
                        -0.0433120220678104,
                        -0.027262320433633174,
                        0.05541734566796894,
                        -0.0037841777784062146,
                        -0.00901258484567859,
                        0.02809814081826232
                    ]
                ],
                "sheet_id": 2
            },
            {
                "label": "E5",
                "type": "E",
                "chain_id": "A",
                "start": 0,
                "end": 0,
                "color": "s466",
                "rainbow": "s288",
                "found_in": 17,
                "occurrence": 0.8095238095238095,
                "start_vector": [
                    212.92171923529412,
                    251.9715837058823,
                    265.22013441176466
                ],
                "end_vector": [
                    211.61110970588237,
                    246.8762644117647,
                    263.94213611764707
                ],
                "variance": 0.9872895702146277,
                "covariance": [
                    [
                        0.09105393945406855,
                        0.03619603949026054,
                        0.0063138517498962975,
                        0.0765818705602624,
                        0.07927097387077099,
                        0.009634388709345723
                    ],
                    [
                        0.03619603949026054,
                        0.04725086929409404,
                        -0.008694253635308168,
                        0.03168771501196982,
                        0.02568779912600228,
                        -0.019897175487650146
                    ],
                    [
                        0.0063138517498962975,
                        -0.008694253635308168,
                        0.021127047637880675,
                        0.01181892073562912,
                        0.010696304055260276,
                        0.02647248037388571
                    ],
                    [
                        0.0765818705602624,
                        0.03168771501196982,
                        0.01181892073562912,
                        0.11223023405947051,
                        0.10127991394468888,
                        0.03478898520809907
                    ],
                    [
                        0.07927097387077099,
                        0.02568779912600228,
                        0.010696304055260276,
                        0.10127991394468888,
                        0.5890348182856295,
                        0.22447476788113652
                    ],
                    [
                        0.009634388709345723,
                        -0.019897175487650146,
                        0.02647248037388571,
                        0.03478898520809907,
                        0.22447476788113652,
                        0.12659266148348433
                    ]
                ],
                "sheet_id": 1
            },
            {
                "label": "E6",
                "type": "E",
                "chain_id": "A",
                "start": 0,
                "end": 0,
                "color": "s759",
                "rainbow": "s308",
                "found_in": 1,
                "occurrence": 0.047619047619047616,
                "start_vector": [
                    210.992,
                    249.01,
                    264.721
                ],
                "end_vector": [
                    210.769,
                    246.896,
                    263.578
                ],
                "variance": 0.0,
                "covariance": [
                    [
                        0.0,
                        0.0,
                        0.0,
                        0.0,
                        0.0,
                        0.0
                    ],
                    [
                        0.0,
                        0.0,
                        0.0,
                        0.0,
                        0.0,
                        0.0
                    ],
                    [
                        0.0,
                        0.0,
                        0.0,
                        0.0,
                        0.0,
                        0.0
                    ],
                    [
                        0.0,
                        0.0,
                        0.0,
                        0.0,
                        0.0,
                        0.0
                    ],
                    [
                        0.0,
                        0.0,
                        0.0,
                        0.0,
                        0.0,
                        0.0
                    ],
                    [
                        0.0,
                        0.0,
                        0.0,
                        0.0,
                        0.0,
                        0.0
                    ]
                ],
                "sheet_id": 1
            },
            {
                "label": "H7",
                "type": "H",
                "chain_id": "A",
                "start": 0,
                "end": 0,
                "color": "s053",
                "rainbow": "s327",
                "found_in": 16,
                "occurrence": 0.7619047619047619,
                "start_vector": [
                    210.45035218750002,
                    240.732462875,
                    260.3757063125
                ],
                "end_vector": [
                    209.27364725,
                    235.81693074999998,
                    251.87422043750001
                ],
                "variance": 1.5554482426636973,
                "covariance": [
                    [
                        0.16414614980402936,
                        0.07480233340915794,
                        0.07994202599087336,
                        -0.1143665841713156,
                        -0.056280725309215456,
                        -0.13487913612708888
                    ],
                    [
                        0.07480233340915794,
                        0.1494813333898508,
                        0.1477700753812405,
                        -0.01835759816669727,
                        0.13544616925323497,
                        0.04740288851285883
                    ],
                    [
                        0.07994202599087336,
                        0.1477700753812405,
                        0.3180410721078223,
                        -0.03110679067075116,
                        0.1462267326379469,
                        0.04227610395024914
                    ],
                    [
                        -0.1143665841713156,
                        -0.01835759816669727,
                        -0.03110679067075116,
                        0.16404212890980072,
                        0.10122652936586543,
                        0.14975045969421694
                    ],
                    [
                        -0.056280725309215456,
                        0.13544616925323497,
                        0.1462267326379469,
                        0.10122652936586543,
                        0.4309743489180616,
                        0.30889894708651455
                    ],
                    [
                        -0.13487913612708888,
                        0.04740288851285883,
                        0.04227610395024914,
                        0.14975045969421694,
                        0.30889894708651455,
                        0.32876320953413235
                    ]
                ]
            },
            {
                "label": "E8",
                "type": "E",
                "chain_id": "A",
                "start": 0,
                "end": 0,
                "color": "s346",
                "rainbow": "s366",
                "found_in": 19,
                "occurrence": 0.9047619047619048,
                "start_vector": [
                    215.10025057894737,
                    235.5998560526316,
                    245.29354989473686
                ],
                "end_vector": [
                    224.53208994736843,
                    236.59289026315787,
                    254.61433363157894
                ],
                "variance": 3.290883130960575,
                "covariance": [
                    [
                        0.08620154910858976,
                        -0.00011306224675480659,
                        -0.09293971352721377,
                        0.1336627599981444,
                        -0.005836044706548215,
                        0.09730573147472488
                    ],
                    [
                        -0.00011306224675480659,
                        0.07346915446616456,
                        -0.04974786551549338,
                        -0.12856992973566378,
                        -0.011431013929568924,
                        -0.05517167777581327
                    ],
                    [
                        -0.09293971352721377,
                        -0.04974786551549338,
                        0.17368429479187777,
                        -0.08054538162322826,
                        -0.0014444946026390495,
                        -0.07745407172998547
                    ],
                    [
                        0.1336627599981444,
                        -0.12856992973566378,
                        -0.08054538162322826,
                        1.8831213811069376,
                        0.22858872919140502,
                        1.2816834450211998
                    ],
                    [
                        -0.005836044706548215,
                        -0.011431013929568924,
                        -0.0014444946026390495,
                        0.22858872919140502,
                        0.05227671120087258,
                        0.15049620163904914
                    ],
                    [
                        0.09730573147472488,
                        -0.05517167777581327,
                        -0.07745407172998547,
                        1.2816834450211998,
                        0.15049620163904914,
                        1.022130040286133
                    ]
                ],
                "sheet_id": 2
            },
            {
                "label": "H9",
                "type": "H",
                "chain_id": "A",
                "start": 0,
                "end": 0,
                "color": "s639",
                "rainbow": "s389",
                "found_in": 2,
                "occurrence": 0.09523809523809523,
                "start_vector": [
                    219.10114249999998,
                    232.8494775,
                    259.472677
                ],
                "end_vector": [
                    215.97930350000001,
                    235.7329325,
                    262.176422
                ],
                "variance": 0.4034704705379986,
                "covariance": [
                    [
                        0.19356704220049364,
                        -0.07982932160149375,
                        0.035093380802011756,
                        0.12745756374950337,
                        -0.11746937109649505,
                        0.05460435976000094
                    ],
                    [
                        -0.07982932160149375,
                        0.03292254980449593,
                        -0.014472922406004193,
                        -0.052564996248499,
                        0.048445748289495764,
                        -0.022519479279999366
                    ],
                    [
                        0.035093380802011756,
                        -0.014472922406004193,
                        0.006362371208004473,
                        0.023107842998009113,
                        -0.021297000386006938,
                        0.00989967904000381
                    ],
                    [
                        0.12745756374950337,
                        -0.052564996248499,
                        0.023107842998009113,
                        0.0839266353005072,
                        -0.07734973725350133,
                        0.035955184240002755
                    ],
                    [
                        -0.11746937109649505,
                        0.048445748289495764,
                        -0.021297000386006938,
                        -0.07734973725350133,
                        0.07128823682449634,
                        -0.03313756168000026
                    ],
                    [
                        0.05460435976000094,
                        -0.022519479279999366,
                        0.00989967904000381,
                        0.035955184240002755,
                        -0.03313756168000026,
                        0.015403635200001034
                    ]
                ]
            },
            {
                "label": "H10",
                "type": "H",
                "chain_id": "A",
                "start": 0,
                "end": 0,
                "color": "s933",
                "rainbow": "s401",
                "found_in": 9,
                "occurrence": 0.42857142857142855,
                "start_vector": [
                    217.40994877777777,
                    234.24776777777777,
                    260.29257466666667
                ],
                "end_vector": [
                    215.76250855555554,
                    240.08653444444448,
                    267.2185832222222
                ],
                "variance": 6.903413827853129,
                "covariance": [
                    [
                        0.9001214780779478,
                        -0.7536972195235601,
                        -1.359570981941087,
                        -0.39706407311735875,
                        -0.00959874343089568,
                        0.6874709153065557
                    ],
                    [
                        -0.7536972195235601,
                        1.3012602098926906,
                        2.0092164234642933,
                        0.7200863873896352,
                        0.13210015114087145,
                        -0.2299099903334596
                    ],
                    [
                        -1.359570981941087,
                        2.0092164234642933,
                        3.2302321461477543,
                        1.1728506196634512,
                        0.13500843470856316,
                        -0.6306750091384246
                    ],
                    [
                        -0.39706407311735875,
                        0.7200863873896352,
                        1.1728506196634512,
                        0.6068697977602773,
                        -0.040394501204021736,
                        -0.22175823801001612
                    ],
                    [
                        -0.00959874343089568,
                        0.13210015114087145,
                        0.13500843470856316,
                        -0.040394501204021736,
                        0.08938212160277909,
                        0.12130217637425768
                    ],
                    [
                        0.6874709153065557,
                        -0.2299099903334596,
                        -0.6306750091384246,
                        -0.22175823801001612,
                        0.12130217637425768,
                        0.7755480743716796
                    ]
                ]
            },
            {
                "label": "E11",
                "type": "E",
                "chain_id": "A",
                "start": 0,
                "end": 0,
                "color": "s226",
                "rainbow": "s430",
                "found_in": 17,
                "occurrence": 0.8095238095238095,
                "start_vector": [
                    219.81337829411763,
                    244.17285070588235,
                    266.7468583529412
                ],
                "end_vector": [
                    221.7650675882353,
                    248.02958999999998,
                    265.63723235294117
                ],
                "variance": 3.8469113800530574,
                "covariance": [
                    [
                        0.3996460479784737,
                        0.7933164326893504,
                        -0.41701269353123444,
                        -0.07271986262461899,
                        0.10468542958962734,
                        -0.079095475205053
                    ],
                    [
                        0.7933164326893504,
                        2.3824233246832267,
                        -0.9676252395200139,
                        -0.44475386285187124,
                        0.2250703790901907,
                        0.019968779518166647
                    ],
                    [
                        -0.41701269353123444,
                        -0.9676252395200139,
                        0.6870526102192285,
                        0.2284055206277747,
                        -0.06296226454656446,
                        0.11848129904818273
                    ],
                    [
                        -0.07271986262461899,
                        -0.44475386285187124,
                        0.2284055206277747,
                        0.23994639013350627,
                        -0.003621162167687082,
                        -0.05073511874490955
                    ],
                    [
                        0.10468542958962734,
                        0.2250703790901907,
                        -0.06296226454656446,
                        -0.003621162167687082,
                        0.047134153297750746,
                        -0.0059084904101888375
                    ],
                    [
                        -0.079095475205053,
                        0.019968779518166647,
                        0.11848129904818273,
                        -0.05073511874490955,
                        -0.0059084904101888375,
                        0.09070885374087147
                    ]
                ],
                "sheet_id": 1
            },
            {
                "label": "E12",
                "type": "E",
                "chain_id": "A",
                "start": 0,
                "end": 0,
                "color": "s519",
                "rainbow": "s470",
                "found_in": 19,
                "occurrence": 0.9047619047619048,
                "start_vector": [
                    220.58829026315792,
                    253.01852268421052,
                    262.32750426315795
                ],
                "end_vector": [
                    218.40099500000002,
                    245.36342642105262,
                    234.67671405263158
                ],
                "variance": 2.447450768226399,
                "covariance": [
                    [
                        0.14604110171709372,
                        -0.012090786290689886,
                        0.22286830719086795,
                        -0.042927935063389676,
                        -0.03257784408428388,
                        -0.0035081266559606338
                    ],
                    [
                        -0.012090786290689886,
                        0.09947390433689529,
                        -0.1289162703180244,
                        -0.11688746804072295,
                        -0.16363077734786083,
                        -0.09339432600759467
                    ],
                    [
                        0.22286830719086795,
                        -0.1289162703180244,
                        1.4352244840812092,
                        0.21316665838421792,
                        0.2743762011046601,
                        0.21736169109942338
                    ],
                    [
                        -0.042927935063389676,
                        -0.11688746804072295,
                        0.21316665838421792,
                        0.21893402055988928,
                        0.294071104268279,
                        0.15307560566844497
                    ],
                    [
                        -0.03257784408428388,
                        -0.16363077734786083,
                        0.2743762011046601,
                        0.294071104268279,
                        0.4250292311657037,
                        0.2045731296186993
                    ],
                    [
                        -0.0035081266559606338,
                        -0.09339432600759467,
                        0.21736169109942338,
                        0.15307560566844497,
                        0.2045731296186993,
                        0.12274802636560737
                    ]
                ],
                "sheet_id": 2
            },
            {
                "label": "H13",
                "type": "H",
                "chain_id": "A",
                "start": 0,
                "end": 0,
                "color": "s813",
                "rainbow": "s512",
                "found_in": 19,
                "occurrence": 0.9047619047619048,
                "start_vector": [
                    220.1599102105263,
                    240.2977472105263,
                    234.1001055789474
                ],
                "end_vector": [
                    227.56412610526317,
                    239.56260142105265,
                    244.11290968421054
                ],
                "variance": 0.3761676674565265,
                "covariance": [
                    [
                        0.1656112125903971,
                        0.036279900965508684,
                        -0.0006491307301843152,
                        0.06277237224008636,
                        0.028581076244961513,
                        0.05422030665062541
                    ],
                    [
                        0.036279900965508684,
                        0.03423449717473124,
                        -0.010887450310128553,
                        0.02007030831708766,
                        0.0038900561012400582,
                        0.027841893779904245
                    ],
                    [
                        -0.0006491307301843152,
                        -0.010887450310128553,
                        0.020272645243813423,
                        -0.007568118206231701,
                        0.002791636488520792,
                        -0.00108965639141921
                    ],
                    [
                        0.06277237224008636,
                        0.02007030831708766,
                        -0.007568118206231701,
                        0.06447753353009847,
                        -0.006959516365157964,
                        0.03511186725309074
                    ],
                    [
                        0.028581076244961513,
                        0.0038900561012400582,
                        0.002791636488520792,
                        -0.006959516365157964,
                        0.024088391239589894,
                        -0.00997015553052703
                    ],
                    [
                        0.05422030665062541,
                        0.027841893779904245,
                        -0.00108965639141921,
                        0.03511186725309074,
                        -0.00997015553052703,
                        0.06748338767789641
                    ]
                ]
            },
            {
                "label": "H14",
                "type": "H",
                "chain_id": "A",
                "start": 0,
                "end": 0,
                "color": "s106",
                "rainbow": "s548",
                "found_in": 14,
                "occurrence": 0.6666666666666666,
                "start_vector": [
                    230.59505228571425,
                    244.12792214285713,
                    236.38298721428572
                ],
                "end_vector": [
                    231.1152772142857,
                    250.38855685714287,
                    241.53879428571426
                ],
                "variance": 0.8324482027475293,
                "covariance": [
                    [
                        0.4093393691045291,
                        0.01147554707726377,
                        0.12452351804324309,
                        0.26325112983231885,
                        0.009788922660352424,
                        0.11438853774814516
                    ],
                    [
                        0.01147554707726377,
                        0.031036373908131566,
                        -0.001678514659571368,
                        -0.009798680333801747,
                        0.023716345488714347,
                        0.02663649400295497
                    ],
                    [
                        0.12452351804324309,
                        -0.001678514659571368,
                        0.05350162375864346,
                        0.08755323054233546,
                        -0.0048260170771202105,
                        0.05156942575370432
                    ],
                    [
                        0.26325112983231885,
                        -0.009798680333801747,
                        0.08755323054233546,
                        0.18740549302910345,
                        -0.009101418279274298,
                        0.06305173385116614
                    ],
                    [
                        0.009788922660352424,
                        0.023716345488714347,
                        -0.0048260170771202105,
                        -0.009101418279274298,
                        0.0558983210395167,
                        -0.0003653296970334268
                    ],
                    [
                        0.11438853774814516,
                        0.02663649400295497,
                        0.05156942575370432,
                        0.06305173385116614,
                        -0.0003653296970334268,
                        0.09526702190760489
                    ]
                ]
            },
            {
                "label": "E15",
                "type": "E",
                "chain_id": "A",
                "start": 0,
                "end": 0,
                "color": "s399",
                "rainbow": "s585",
                "found_in": 19,
                "occurrence": 0.9047619047619048,
                "start_vector": [
                    224.1473984736842,
                    240.9037383684211,
                    255.52702115789475
                ],
                "end_vector": [
