{
    "consensus": {
        "secondary_structure_elements": [
            {
                "label": "E0",
                "type": "E",
                "chain_id": "A",
                "start": 0,
                "end": 0,
                "color": "s000",
                "rainbow": "s111",
                "found_in": 132,
                "occurrence": 0.616822429906542,
                "start_vector": [
                    207.87988087121212,
                    251.54423699242432,
                    264.6290182575757
                ],
                "end_vector": [
                    208.62051505303032,
                    250.94957887878786,
                    261.87299237878784
                ],
                "variance": 8.868547354370316,
                "covariance": [
                    [
                        2.1845108934191475,
                        0.5383082220925772,
                        2.303136016793465,
                        0.9560860320177306,
                        0.20665052119391403,
                        0.6371366579366924
                    ],
                    [
                        0.5383082220925772,
                        0.8353761253531984,
                        0.5694404869474422,
                        0.16764127967733508,
                        0.4850382120726844,
                        -0.03490154956904177
                    ],
                    [
                        2.303136016793465,
                        0.5694404869474422,
                        3.341832148757769,
                        0.6483240563467412,
                        -0.04357255100490278,
                        0.7580182488552529
                    ],
                    [
                        0.9560860320177306,
                        0.16764127967733508,
                        0.6483240563467412,
                        0.7004493594294997,
                        0.1653613001673339,
                        0.45984549631375354
                    ],
                    [
                        0.20665052119391403,
                        0.4850382120726844,
                        -0.04357255100490278,
                        0.1653613001673339,
                        0.5263769259442578,
                        -0.12052175784319008
                    ],
                    [
                        0.6371366579366924,
                        -0.03490154956904177,
                        0.7580182488552529,
                        0.45984549631375354,
                        -0.12052175784319008,
                        1.280001901466443
                    ]
                ],
                "sheet_id": 1
            },
            {
                "label": "E1",
                "type": "E",
                "chain_id": "A",
                "start": 0,
                "end": 0,
                "color": "s293",
                "rainbow": "s123",
                "found_in": 3,
                "occurrence": 0.014018691588785047,
                "start_vector": [
                    211.37611466666667,
                    251.9280643333333,
                    264.3225823333334
                ],
                "end_vector": [
                    208.530177,
                    245.5353223333333,
                    231.658262
                ],
                "variance": 120.99478210498552,
                "covariance": [
                    [
                        3.404990796464334,
                        -2.0885110061583245,
                        -0.7730414809363402,
                        -4.273713000396511,
                        14.46951641232016,
                        -3.6135229329350134
                    ],
                    [
                        -2.0885110061583245,
                        1.5060564710333288,
                        -2.041371088301711,
                        2.9870772314800016,
                        -8.10795499810661,
                        0.4483774736699755
                    ],
                    [
                        -0.7730414809363402,
                        -2.041371088301711,
                        28.295521415920554,
                        -3.117958296969512,
                        -11.860985828030248,
                        20.58454234389906
                    ],
                    [
                        -4.273713000396511,
                        2.9870772314800016,
                        -3.117958296969512,
                        5.958440835763029,
                        -16.914340165965033,
                        1.6620371519930273
                    ],
                    [
                        14.46951641232016,
                        -8.10795499810661,
                        -11.860985828030248,
                        -16.914340165965033,
                        64.10370556367228,
                        -21.383277819539057
                    ],
                    [
                        -3.6135229329350134,
                        0.4483774736699755,
                        20.58454234389906,
                        1.6620371519930273,
                        -21.383277819539057,
                        17.726067022131993
                    ]
                ],
                "sheet_id": 1
            },
            {
                "label": "E2",
                "type": "E",
                "chain_id": "A",
                "start": 0,
                "end": 0,
                "color": "s586",
                "rainbow": "s124",
                "found_in": 1,
                "occurrence": 0.004672897196261682,
                "start_vector": [
                    201.396,
                    248.281,
                    224.631
                ],
                "end_vector": [
                    201.798,
                    247.969,
                    222.143
                ],
                "variance": 0.0,
                "covariance": [
                    [
                        0.0,
                        0.0,
                        0.0,
                        0.0,
                        0.0,
                        0.0
                    ],
                    [
                        0.0,
                        0.0,
                        0.0,
                        0.0,
                        0.0,
                        0.0
                    ],
                    [
                        0.0,
                        0.0,
                        0.0,
                        0.0,
                        0.0,
                        0.0
                    ],
                    [
                        0.0,
                        0.0,
                        0.0,
                        0.0,
                        0.0,
                        0.0
                    ],
                    [
                        0.0,
                        0.0,
                        0.0,
                        0.0,
                        0.0,
                        0.0
                    ],
                    [
                        0.0,
                        0.0,
                        0.0,
                        0.0,
                        0.0,
                        0.0
                    ]
                ],
                "sheet_id": 2
            },
            {
                "label": "E3",
                "type": "E",
                "chain_id": "A",
                "start": 0,
                "end": 0,
                "color": "s879",
                "rainbow": "s124",
                "found_in": 1,
                "occurrence": 0.004672897196261682,
                "start_vector": [
                    206.281,
                    249.958,
                    222.652
                ],
                "end_vector": [
                    206.822,
                    248.059,
                    224.047
                ],
                "variance": 0.0,
                "covariance": [
                    [
                        0.0,
                        0.0,
                        0.0,
                        0.0,
                        0.0,
                        0.0
                    ],
                    [
                        0.0,
                        0.0,
                        0.0,
                        0.0,
                        0.0,
                        0.0
                    ],
                    [
                        0.0,
                        0.0,
                        0.0,
                        0.0,
                        0.0,
                        0.0
                    ],
                    [
                        0.0,
                        0.0,
                        0.0,
                        0.0,
                        0.0,
                        0.0
                    ],
                    [
                        0.0,
                        0.0,
                        0.0,
                        0.0,
                        0.0,
                        0.0
                    ],
                    [
                        0.0,
                        0.0,
                        0.0,
                        0.0,
                        0.0,
                        0.0
                    ]
                ],
                "sheet_id": 2
            },
            {
                "label": "E4",
                "type": "E",
                "chain_id": "A",
                "start": 0,
                "end": 0,
                "color": "s173",
                "rainbow": "s124",
                "found_in": 3,
                "occurrence": 0.014018691588785047,
                "start_vector": [
                    212.01154533333332,
                    246.13315566666665,
                    231.30835366666665
                ],
                "end_vector": [
                    214.0522,
                    253.80193666666665,
                    251.2322486666667
                ],
                "variance": 84.26781520281182,
                "covariance": [
                    [
                        8.425578777858377,
                        -18.054277942305873,
                        2.675768207409137,
                        -0.9779643604599484,
                        -7.971452597900835,
                        -4.345339666585817
                    ],
                    [
                        -18.054277942305873,
                        42.18761884071239,
                        -11.984186966246162,
                        5.658026388198916,
                        22.318100543322885,
                        10.319754906139298
                    ],
                    [
                        2.675768207409137,
                        -11.984186966246162,
                        12.009237723924347,
                        -6.670814039776982,
                        -11.881307001092711,
                        -3.1806656972871674
                    ],
                    [
                        -0.9779643604599484,
                        5.658026388198916,
                        -6.670814039776982,
                        3.738467718443978,
                        6.254058030126981,
                        1.530651366570982
                    ],
                    [
                        -7.971452597900835,
                        22.318100543322885,
                        -11.881307001092711,
                        6.254058030126981,
                        15.375324117222416,
                        5.619804084225831
                    ],
                    [
                        -4.345339666585817,
                        10.319754906139298,
                        -3.1806656972871674,
                        1.530651366570982,
                        5.619804084225831,
                        2.5315880246503135
                    ]
                ],
                "sheet_id": 1
            },
            {
                "label": "H5",
                "type": "H",
                "chain_id": "A",
                "start": 0,
                "end": 0,
                "color": "s466",
                "rainbow": "s141",
                "found_in": 188,
                "occurrence": 0.8785046728971962,
                "start_vector": [
                    209.1178739202128,
                    251.37230516489365,
                    254.52332308510634
                ],
                "end_vector": [
                    208.6763706276596,
                    251.21938114893612,
                    246.37961914893611
                ],
                "variance": 9.84355099211034,
                "covariance": [
                    [
                        0.29985021734172074,
                        0.3191935328417712,
                        -0.26461551525502985,
                        -0.15375665024618387,
                        0.19823093058817673,
                        -0.21027444116687435
                    ],
                    [
                        0.3191935328417712,
                        2.109988030483475,
                        -2.1696315971488325,
                        -1.245948863067403,
                        1.4028784451257448,
                        -1.3276053932302398
                    ],
                    [
                        -0.26461551525502985,
                        -2.1696315971488325,
                        3.170375629203501,
                        1.058247329699507,
                        -1.4185365859346275,
                        1.6806289119028486
                    ],
                    [
                        -0.15375665024618387,
                        -1.245948863067403,
                        1.058247329699507,
                        1.220247099467656,
                        -1.002382095864234,
                        0.8594170374490129
                    ],
                    [
                        0.19823093058817673,
                        1.4028784451257448,
                        -1.4185365859346275,
                        -1.002382095864234,
                        1.418258094009241,
                        -1.1276286485944238
                    ],
                    [
                        -0.21027444116687435,
                        -1.3276053932302398,
                        1.6806289119028486,
                        0.8594170374490129,
                        -1.1276286485944238,
                        1.624831921604746
                    ]
                ]
            },
            {
                "label": "E6",
                "type": "E",
                "chain_id": "A",
                "start": 0,
                "end": 0,
                "color": "s759",
                "rainbow": "s167",
                "found_in": 100,
                "occurrence": 0.4672897196261682,
                "start_vector": [
                    207.21874735,
                    254.35037576,
                    242.87421083999993
                ],
                "end_vector": [
                    209.83960866000004,
                    254.00823204,
                    241.04705106999998
                ],
                "variance": 16.30553250211914,
                "covariance": [
                    [
                        1.3443220849642696,
                        -0.5058166831906413,
                        -0.9294169580949355,
                        3.9045277742414917,
                        -0.7430994927289539,
                        -0.9933474639777524
                    ],
                    [
                        -0.5058166831906413,
                        0.38598381907466844,
                        0.442607972470104,
                        -1.4873069406781427,
                        0.4805692531648985,
                        0.46798642241777433
                    ],
                    [
                        -0.9294169580949355,
                        0.442607972470104,
                        0.9811837743886024,
                        -2.477127414830071,
                        0.5883613310422722,
                        0.9474552407036079
                    ],
                    [
                        3.9045277742414917,
                        -1.4873069406781427,
                        -2.477127414830071,
                        12.003250821160561,
                        -2.2290474084742034,
                        -2.7483199739756357
                    ],
                    [
                        -0.7430994927289539,
                        0.4805692531648985,
                        0.5883613310422722,
                        -2.2290474084742034,
                        0.6303804321936977,
                        0.6372328933567056
                    ],
                    [
                        -0.9933474639777524,
                        0.46798642241777433,
                        0.9474552407036079,
                        -2.7483199739756357,
                        0.6372328933567056,
                        0.9604115703373385
                    ]
                ],
                "sheet_id": 3
            },
            {
                "label": "E7",
                "type": "E",
                "chain_id": "A",
                "start": 0,
                "end": 0,
                "color": "s053",
                "rainbow": "s183",
                "found_in": 84,
                "occurrence": 0.3925233644859813,
                "start_vector": [
                    218.29653238095233,
                    253.9730704642858,
                    239.12584953571428
                ],
                "end_vector": [
                    220.404166047619,
                    252.7499751071429,
                    239.3240134285714
                ],
                "variance": 0.9880530157174466,
                "covariance": [
                    [
                        0.1673145502448648,
                        0.05678832622309768,
                        -0.07324199346165257,
                        0.10049682564952292,
                        0.05292080474323556,
                        -0.032171287667055626
                    ],
                    [
                        0.05678832622309768,
                        0.23692021416244652,
                        0.0732578274018936,
                        0.07816147981176082,
                        0.24734052446640958,
                        -0.018841585516284648
                    ],
                    [
                        -0.07324199346165257,
                        0.0732578274018936,
                        0.14885878044099798,
                        0.016280331384383052,
                        0.08370012850033999,
                        0.03220767484255062
                    ],
                    [
                        0.10049682564952292,
                        0.07816147981176082,
                        0.016280331384383052,
                        0.1260632329478513,
                        0.08460967162575397,
                        -0.034303249854910976
                    ],
                    [
                        0.05292080474323556,
                        0.24734052446640958,
                        0.08370012850033999,
                        0.08460967162575397,
                        0.2665680448461471,
                        -0.02180907965745494
                    ],
                    [
                        -0.032171287667055626,
                        -0.018841585516284648,
                        0.03220767484255062,
                        -0.034303249854910976,
                        -0.02180907965745494,
                        0.04232819307513905
                    ]
                ],
                "sheet_id": 4
            },
            {
                "label": "H8",
                "type": "H",
                "chain_id": "A",
                "start": 0,
                "end": 0,
                "color": "s346",
                "rainbow": "s201",
                "found_in": 112,
                "occurrence": 0.5233644859813084,
                "start_vector": [
                    221.74472766964286,
                    252.71409648214285,
                    238.39564624107138
                ],
                "end_vector": [
                    222.99479075,
                    254.17505400892858,
                    242.4280171071429
                ],
                "variance": 1.3030260146689565,
                "covariance": [
                    [
                        0.2326894403170164,
                        0.02379969403221598,
                        -0.06842743651576609,
                        0.2434807960863405,
                        0.0342450551649676,
                        -0.10271832474080288
                    ],
                    [
                        0.02379969403221598,
                        0.273243270300756,
                        -0.04481994320586532,
                        0.19332630206586102,
                        0.19383085461457364,
                        -0.1584686647063493
                    ],
                    [
                        -0.06842743651576609,
                        -0.04481994320586532,
                        0.06441490712079703,
                        -0.0947268893606773,
                        -0.04478064999791239,
                        0.09243037500903696
                    ],
                    [
                        0.2434807960863405,
                        0.19332630206586102,
                        -0.0947268893606773,
                        0.379480502937,
                        0.15029844818631874,
                        -0.20913423806351367
                    ],
                    [
                        0.0342450551649676,
                        0.19383085461457364,
                        -0.04478064999791239,
                        0.15029844818631874,
                        0.16532270925529,
                        -0.12923775799508305
                    ],
                    [
                        -0.10271832474080288,
                        -0.1584686647063493,
                        0.09243037500903696,
                        -0.20913423806351367,
                        -0.12923775799508305,
                        0.18787518473809703
                    ]
                ]
            },
            {
                "label": "E9",
                "type": "E",
                "chain_id": "A",
                "start": 0,
                "end": 0,
                "color": "s639",
                "rainbow": "s211",
                "found_in": 2,
                "occurrence": 0.009345794392523364,
                "start_vector": [
                    223.623,
                    254.493,
                    240.61
                ],
                "end_vector": [
                    221.8195,
                    255.1635,
                    242.0495
                ],
                "variance": 0.045235500000003134,
                "covariance": [
                    [
                        0.0028879999999994986,
                        -0.004255999999999432,
                        0.006308000000000412,
                        0.002849999999999321,
                        -0.004446000000000323,
                        0.006041999999999164
                    ],
                    [
                        -0.004255999999999432,
                        0.006271999999999414,
                        -0.00929600000000098,
                        -0.004199999999999167,
                        0.006552000000000738,
                        -0.008903999999999124
                    ],
                    [
                        0.006308000000000412,
                        -0.00929600000000098,
                        0.01377800000000419,
                        0.006225000000000003,
                        -0.009711000000003023,
                        0.013197000000001326
                    ],
                    [
                        0.002849999999999321,
                        -0.004199999999999167,
                        0.006225000000000003,
                        0.0028124999999991473,
                        -0.004387500000000034,
                        0.005962499999998789
                    ],
                    [
                        -0.004446000000000323,
                        0.006552000000000738,
                        -0.009711000000003023,
                        -0.004387500000000034,
                        0.006844500000002181,
                        -0.009301500000001003
                    ],
                    [
                        0.006041999999999164,
                        -0.008903999999999124,
                        0.013197000000001326,
                        0.005962499999998789,
                        -0.009301500000001003,
                        0.012640499999998698
                    ]
                ],
                "sheet_id": 4
            },
            {
                "label": "E10",
                "type": "E",
                "chain_id": "A",
                "start": 0,
                "end": 0,
                "color": "s933",
                "rainbow": "s230",
                "found_in": 211,
                "occurrence": 0.985981308411215,
                "start_vector": [
                    220.0349176255924,
                    254.98103167298575,
                    246.0875797914692
                ],
                "end_vector": [
                    217.17110690521324,
                    253.79980934123222,
                    260.1857085687204
                ],
                "variance": 10.85840438632906,
                "covariance": [
                    [
                        0.7483043621200435,
                        0.30586904683882904,
                        -0.29041092885985365,
                        -0.04659054627463033,
                        0.222184471251481,
                        -0.21514613193141172
                    ],
                    [
                        0.30586904683882904,
                        0.5102202493221151,
                        0.17087755152328843,
                        -0.12836139842964964,
                        -0.1447823953049203,
                        -0.0652237779930717
                    ],
                    [
                        -0.29041092885985365,
                        0.17087755152328843,
                        2.0210872259697594,
                        0.0313867687523455,
                        -0.24012316048037594,
                        -0.45108359201497683
                    ],
                    [
                        -0.04659054627463033,
                        -0.12836139842964964,
                        0.0313867687523455,
                        0.5093069076178006,
                        0.30527612087877093,
                        -1.0962469393544048
                    ],
                    [
                        0.222184471251481,
                        -0.1447823953049203,
                        -0.24012316048037594,
                        0.30527612087877093,
                        0.7954153756504537,
                        -1.3503257864334115
                    ],
                    [
                        -0.21514613193141172,
                        -0.0652237779930717,
                        -0.45108359201497683,
                        -1.0962469393544048,
                        -1.3503257864334115,
                        6.274070265648886
                    ]
                ],
                "sheet_id": 4
            },
            {
                "label": "E11",
                "type": "E",
                "chain_id": "A",
                "start": 0,
                "end": 0,
                "color": "s226",
                "rainbow": "s249",
                "found_in": 5,
                "occurrence": 0.02336448598130841,
                "start_vector": [
                    218.981743,
                    254.679516,
                    255.5467938
                ],
                "end_vector": [
                    218.117719,
                    253.327722,
                    260.27678879999996
                ],
                "variance": 8.941111065869377,
                "covariance": [
                    [
                        2.6585511097955097,
                        -0.6620906197067549,
                        0.958715472632739,
                        1.7534267643402572,
                        -1.2748139630130009,
                        0.6338956180682375
                    ],
                    [
                        -0.6620906197067549,
                        0.5543702545234939,
                        -0.2384139609702507,
                        -0.539471103860251,
                        1.0303867519822423,
                        -0.8012337577042475
                    ],
                    [
                        0.958715472632739,
                        -0.2384139609702507,
                        0.36984871340669245,
                        0.6644519767519945,
                        -0.5017411611787485,
                        0.2266218749731952
                    ],
                    [
                        1.7534267643402572,
                        -0.539471103860251,
                        0.6644519767519945,
                        1.3818569569105037,
                        -0.9822573017347446,
                        0.2560265737899968
                    ],
                    [
                        -1.2748139630130009,
                        1.0303867519822423,
                        -0.5017411611787485,
                        -0.9822573017347446,
                        2.06090013364249,
                        -1.699564513910749
                    ],
                    [
                        0.6338956180682375,
                        -0.8012337577042475,
                        0.2266218749731952,
                        0.2560265737899968,
                        -1.699564513910749,
                        1.9155838975906874
                    ]
                ],
                "sheet_id": 4
            },
            {
                "label": "E12",
                "type": "E",
                "chain_id": "A",
                "start": 0,
                "end": 0,
                "color": "s519",
                "rainbow": "s266",
                "found_in": 175,
                "occurrence": 0.8177570093457944,
                "start_vector": [
                    212.92873089714283,
                    251.01106180571426,
                    265.36506868000004
                ],
                "end_vector": [
                    211.1219015142857,
                    247.1323651885714,
                    263.29903963428575
                ],
                "variance": 13.471801845708782,
                "covariance": [
                    [
                        3.3275377685088854,
                        1.2174804944010487,
                        1.837749798190813,
                        0.8090170434755001,
                        -0.3863204882956869,
                        -0.3119958656096579
                    ],
                    [
                        1.2174804944010487,
                        1.712781054797733,
                        0.16130717527509653,
                        0.7108124811900784,
                        0.06473861992295583,
                        0.6619110547389132
                    ],
                    [
                        1.837749798190813,
                        0.16130717527509653,
                        1.7402914214971934,
                        -0.22012192568569708,
                        -0.49455302196560713,
                        -0.6389068174945367
                    ],
                    [
                        0.8090170434755001,
                        0.7108124811900784,
                        -0.22012192568569708,
                        1.4438517648895504,
                        0.27923690537110396,
                        1.378203700576444
                    ],
                    [
                        -0.3863204882956869,
                        0.06473861992295583,
                        -0.49455302196560713,
                        0.27923690537110396,
                        1.1701328214706015,
                        1.1757123565766656
                    ],
                    [
                        -0.3119958656096579,
                        0.6619110547389132,
                        -0.6389068174945367,
                        1.378203700576444,
                        1.1757123565766656,
                        4.077207014544819
                    ]
                ],
                "sheet_id": 1
            },
            {
                "label": "E13",
                "type": "E",
                "chain_id": "A",
                "start": 0,
                "end": 0,
                "color": "s813",
                "rainbow": "s281",
                "found_in": 1,
                "occurrence": 0.004672897196261682,
                "start_vector": [
                    204.819,
                    251.119,
                    237.308
                ],
                "end_vector": [
                    203.733,
                    251.009,
                    235.033
                ],
                "variance": 0.0,
                "covariance": [
                    [
                        0.0,
                        0.0,
                        0.0,
                        0.0,
                        0.0,
                        0.0
                    ],
                    [
                        0.0,
                        0.0,
                        0.0,
                        0.0,
                        0.0,
                        0.0
                    ],
                    [
                        0.0,
                        0.0,
                        0.0,
                        0.0,
                        0.0,
                        0.0
                    ],
                    [
                        0.0,
                        0.0,
                        0.0,
                        0.0,
                        0.0,
                        0.0
                    ],
                    [
                        0.0,
                        0.0,
                        0.0,
                        0.0,
                        0.0,
                        0.0
                    ],
                    [
                        0.0,
                        0.0,
                        0.0,
                        0.0,
                        0.0,
                        0.0
                    ]
                ],
                "sheet_id": 1
            },
            {
                "label": "H14",
                "type": "H",
                "chain_id": "A",
                "start": 0,
                "end": 0,
                "color": "s106",
                "rainbow": "s281",
                "found_in": 1,
                "occurrence": 0.004672897196261682,
                "start_vector": [
                    204.678558,
                    237.503348,
                    242.940372
                ],
                "end_vector": [
                    200.191453,
                    238.721283,
                    236.374116
                ],
                "variance": 0.0,
                "covariance": [
                    [
                        0.0,
                        0.0,
                        0.0,
                        0.0,
                        0.0,
                        0.0
                    ],
                    [
                        0.0,
                        0.0,
                        0.0,
                        0.0,
                        0.0,
                        0.0
                    ],
                    [
                        0.0,
                        0.0,
                        0.0,
                        0.0,
                        0.0,
                        0.0
                    ],
                    [
                        0.0,
                        0.0,
                        0.0,
                        0.0,
                        0.0,
                        0.0
                    ],
                    [
                        0.0,
                        0.0,
                        0.0,
                        0.0,
                        0.0,
                        0.0
                    ],
                    [
                        0.0,
                        0.0,
                        0.0,
                        0.0,
                        0.0,
                        0.0
                    ]
                ]
            },
            {
                "label": "H15",
                "type": "H",
                "chain_id": "A",
                "start": 0,
                "end": 0,
                "color": "s399",
                "rainbow": "s297",
                "found_in": 176,
                "occurrence": 0.822429906542056,
                "start_vector": [
                    209.85886105113633,
                    241.43029730681818,
                    259.1673503920455
                ],
                "end_vector": [
                    207.0410178181818,
                    238.83023314772726,
                    248.82043431250003
                ],
                "variance": 15.908939610408648,
                "covariance": [
                    [
                        0.9290599197047581,
                        -0.02072677005587282,
                        -0.09709209645808524,
                        0.4919146909276032,
                        -0.4233667095610017,
                        0.020293579119623602
                    ],
                    [
                        -0.02072677005587282,
                        0.5434941800641351,
                        -0.2588067721920117,
                        -0.18828738480514912,
                        0.41800160903751526,
                        -0.0950738428370962
                    ],
                    [
                        -0.09709209645808524,
                        -0.2588067721920117,
                        0.9607589047659756,
                        0.5074366439647992,
                        -0.8842813583105216,
                        1.3391170167343847
                    ],
                    [
                        0.4919146909276032,
                        -0.18828738480514912,
                        0.5074366439647992,
                        1.8645650966105245,
                        -2.232092041113124,
                        2.8069687714575258
                    ],
                    [
                        -0.4233667095610017,
                        0.41800160903751526,
                        -0.8842813583105216,
                        -2.232092041113124,
                        3.743952641234948,
                        -4.018341929798156
                    ],
                    [
                        0.020293579119623602,
                        -0.0950738428370962,
                        1.3391170167343847,
                        2.8069687714575258,
                        -4.018341929798156,
                        7.867108868028308
                    ]
                ]
            },
            {
                "label": "E16",
                "type": "E",
