{
    "consensus": {
        "secondary_structure_elements": [
            {
                "label": "H0",
                "type": "H",
                "chain_id": "A",
                "start": 0,
                "end": 0,
                "color": "s000",
                "rainbow": "s127",
                "found_in": 6,
                "occurrence": 0.6666666666666666,
                "start_vector": [
                    243.87755783333333,
                    220.94656633333332,
                    208.32907866666667
                ],
                "end_vector": [
                    237.58752766666666,
                    213.83316366666668,
                    208.11568716666667
                ],
                "variance": 0.4068417628109969,
                "covariance": [
                    [
                        0.07247713665096583,
                        -0.050703612400734815,
                        -0.0428887673264663,
                        0.09415182259673238,
                        -0.071146379763066,
                        -0.04254867977196602
                    ],
                    [
                        -0.050703612400734815,
                        0.0410490064134694,
                        0.02709329148613388,
                        -0.07036350171306814,
                        0.05918891209373481,
                        0.04233726949673428
                    ],
                    [
                        -0.0428887673264663,
                        0.02709329148613388,
                        0.02751094963266671,
                        -0.053410778845333,
                        0.03737899170206595,
                        0.017936092155665995
                    ],
                    [
                        0.09415182259673238,
                        -0.07036350171306814,
                        -0.053410778845333,
                        0.1259366289746646,
                        -0.10002786498993131,
                        -0.06536034873013108
                    ],
                    [
                        -0.071146379763066,
                        0.05918891209373481,
                        0.03737899170206595,
                        -0.10002786498993131,
                        0.08579713900906515,
                        0.06277636700806537
                    ],
                    [
                        -0.04254867977196602,
                        0.04233726949673428,
                        0.017936092155665995,
                        -0.06536034873013108,
                        0.06277636700806537,
                        0.05407090213016518
                    ]
                ]
            },
            {
                "label": "E1",
                "type": "E",
                "chain_id": "A",
                "start": 0,
                "end": 0,
                "color": "s293",
                "rainbow": "s183",
                "found_in": 6,
                "occurrence": 0.6666666666666666,
                "start_vector": [
                    215.094217,
                    241.9705346666667,
                    219.31925916666663
                ],
                "end_vector": [
                    215.54034966666666,
                    247.1768985,
                    226.87718599999997
                ],
                "variance": 0.550131470361003,
                "covariance": [
                    [
                        0.02579302385719817,
                        0.010062539366598185,
                        -0.07299570786039682,
                        -0.006613132532600323,
                        0.014034853342598491,
                        -0.0722463873707961
                    ],
                    [
                        0.010062539366598185,
                        0.019285165687067046,
                        -0.04829874857773306,
                        0.0002585670264671623,
                        0.0174065196565997,
                        -0.04716122816699893
                    ],
                    [
                        -0.07299570786039682,
                        -0.04829874857773306,
                        0.2321641605001713,
                        0.014834960674266368,
                        -0.05528185066850031,
                        0.22902364127480204
                    ],
                    [
                        -0.006613132532600323,
                        0.0002585670264671623,
                        0.014834960674266368,
                        0.01874340824946699,
                        0.011163201119600816,
                        0.00942627718420018
                    ],
                    [
                        0.014034853342598491,
                        0.0174065196565997,
                        -0.05528185066850031,
                        0.011163201119600816,
                        0.026447269145900378,
                        -0.058300593016399296
                    ],
                    [
                        -0.0722463873707961,
                        -0.04716122816699893,
                        0.22902364127480204,
                        0.00942627718420018,
                        -0.058300593016399296,
                        0.22769844292119912
                    ]
                ],
                "sheet_id": 1
            },
            {
                "label": "E2",
                "type": "E",
                "chain_id": "A",
                "start": 0,
                "end": 0,
                "color": "s586",
                "rainbow": "s239",
                "found_in": 6,
                "occurrence": 0.6666666666666666,
                "start_vector": [
                    216.46673399999997,
                    250.69668816666663,
                    223.2095251666667
                ],
                "end_vector": [
                    219.55095633333335,
                    243.80502133333334,
                    218.44436216666665
                ],
                "variance": 0.4920008038094238,
                "covariance": [
                    [
                        0.024625769998799923,
                        0.023565286604199903,
                        -0.059543538357599846,
                        0.01137420334919959,
                        -0.0002824663757993196,
                        -0.0376046819191993
                    ],
                    [
                        0.023565286604199903,
                        0.027339479462966127,
                        -0.05885195484083244,
                        0.005828752279733535,
                        0.003050528966733773,
                        -0.03900089309403201
                    ],
                    [
                        -0.059543538357599846,
                        -0.05885195484083244,
                        0.2915547272569638,
                        -0.06016719690806584,
                        -0.005597402629067808,
                        0.1919751332619622
                    ],
                    [
                        0.01137420334919959,
                        0.005828752279733535,
                        -0.06016719690806584,
                        0.018762731727865325,
                        -0.0024609511613326997,
                        -0.03774481770186591
                    ],
                    [
                        -0.0002824663757993196,
                        0.003050528966733773,
                        -0.005597402629067808,
                        -0.0024609511613326997,
                        0.002475007631066558,
                        -0.0050478640084672625
                    ],
                    [
                        -0.0376046819191993,
                        -0.03900089309403201,
                        0.1919751332619622,
                        -0.03774481770186591,
                        -0.0050478640084672625,
                        0.12724308773176204
                    ]
                ],
                "sheet_id": 1
            },
            {
                "label": "E3",
                "type": "E",
                "chain_id": "A",
                "start": 0,
                "end": 0,
                "color": "s879",
                "rainbow": "s309",
                "found_in": 9,
                "occurrence": 1.0,
                "start_vector": [
                    230.4922992222222,
                    227.09108633333332,
                    207.73837222222224
                ],
                "end_vector": [
                    241.01814022222223,
                    220.744198,
                    198.52263066666669
                ],
                "variance": 13.681920993657853,
                "covariance": [
                    [
                        4.360996332515695,
                        -4.208576096734583,
                        -3.0359336464028073,
                        -2.137570957196432,
                        2.0892292338410083,
                        1.9625543892778436
                    ],
                    [
                        -4.208576096734583,
                        4.106459005550498,
                        2.9244749101491694,
                        2.041411326580666,
                        -1.9899602631577578,
                        -1.8958257631156337
                    ],
                    [
                        -3.0359336464028073,
                        2.9244749101491694,
                        2.2201617422094464,
                        1.5053830806368227,
                        -1.4779200214431314,
                        -1.404154556499176
                    ],
                    [
                        -2.137570957196432,
                        2.041411326580666,
                        1.5053830806368227,
                        1.0646233906694467,
                        -1.0421775337880044,
                        -0.9653330715834235
                    ],
                    [
                        2.0892292338410083,
                        -1.9899602631577578,
                        -1.4779200214431314,
                        -1.0421775337880044,
                        1.0315937456202562,
                        0.9460456398351348
                    ],
                    [
                        1.9625543892778436,
                        -1.8958257631156337,
                        -1.404154556499176,
                        -0.9653330715834235,
                        0.9460456398351348,
                        0.8980867770925103
                    ]
                ],
                "sheet_id": 2
            },
            {
                "label": "E4",
                "type": "E",
                "chain_id": "A",
                "start": 0,
                "end": 0,
                "color": "s173",
                "rainbow": "s393",
                "found_in": 9,
                "occurrence": 1.0,
                "start_vector": [
                    243.3001288888889,
                    225.0710641111111,
                    201.64123033333334
                ],
                "end_vector": [
                    230.4052906666667,
                    231.51352077777776,
                    204.20789433333331
                ],
                "variance": 1.095144668093915,
                "covariance": [
                    [
                        0.02488865130236146,
                        0.0034889761670131975,
                        -0.0016022115413329454,
                        -0.014035625370414978,
                        0.016163164154845967,
                        0.012406463115791709
                    ],
                    [
                        0.0034889761670131975,
                        0.007444064068610952,
                        0.002564450273708726,
                        -0.04356478933070986,
                        0.040668630393652816,
                        -0.010073792144791502
                    ],
                    [
                        -0.0016022115413329454,
                        0.002564450273708726,
                        0.002363197819250186,
                        -0.02230579910424982,
                        0.01690610983445902,
                        -0.010750947830001625
                    ],
                    [
                        -0.014035625370414978,
                        -0.04356478933070986,
                        -0.02230579910424982,
                        0.6476861603822516,
                        -0.38309285164433093,
                        -0.07900884117637107
                    ],
                    [
                        0.016163164154845967,
                        0.040668630393652816,
                        0.01690610983445902,
                        -0.38309285164433093,
                        0.2783338183101905,
                        -0.0052276407406679345
                    ],
                    [
                        0.012406463115791709,
                        -0.010073792144791502,
                        -0.010750947830001625,
                        -0.07900884117637107,
                        -0.0052276407406679345,
                        0.13442877621125032
                    ]
                ],
                "sheet_id": 2
            },
            {
                "label": "E5",
                "type": "E",
                "chain_id": "A",
                "start": 0,
                "end": 0,
                "color": "s466",
                "rainbow": "s476",
                "found_in": 9,
                "occurrence": 1.0,
                "start_vector": [
                    244.20574633333334,
                    236.05272166666666,
                    200.67033655555556
                ],
                "end_vector": [
                    233.72212166666668,
                    236.57021522222223,
                    197.15400633333334
                ],
                "variance": 5.859089164372704,
                "covariance": [
                    [
                        0.011675482894749829,
                        0.011280281973874484,
                        -0.04610151636758168,
                        -0.1339400852834968,
                        -0.014327446691708415,
                        -0.03532584601237118
                    ],
                    [
                        0.011280281973874484,
                        0.06661831066600171,
                        -0.08114393436579295,
                        -0.5256512051831287,
                        -0.03095458521066598,
                        -0.21270662830125173
                    ],
                    [
                        -0.04610151636758168,
                        -0.08114393436579295,
                        0.23001738727602905,
                        0.8090830855419642,
                        0.06200696289311179,
                        0.2987162882895455
                    ],
                    [
                        -0.1339400852834968,
                        -0.5256512051831287,
                        0.8090830855419642,
                        4.730099594983486,
                        0.30848929979932804,
                        1.5962999001164906
                    ],
                    [
                        -0.014327446691708415,
                        -0.03095458521066598,
                        0.06200696289311179,
                        0.30848929979932804,
                        0.02747392372094327,
                        0.07983049804079013
                    ],
                    [
                        -0.03532584601237118,
                        -0.21270662830125173,
                        0.2987162882895455,
                        1.5962999001164906,
                        0.07983049804079013,
                        0.7932044648314948
                    ]
                ],
                "sheet_id": 2
            },
            {
                "label": "E6",
                "type": "E",
                "chain_id": "A",
                "start": 0,
                "end": 0,
                "color": "s759",
                "rainbow": "s560",
                "found_in": 9,
                "occurrence": 1.0,
                "start_vector": [
                    232.27343377777777,
                    233.72306088888888,
                    200.51878733333334
                ],
                "end_vector": [
                    242.88070733333336,
                    231.3900212222222,
                    201.758476
                ],
                "variance": 4.614511329779998,
                "covariance": [
                    [
                        4.029319851245189,
                        -0.5876723683809111,
                        0.42332164313820675,
                        0.07895806421733081,
                        -0.44496875239644,
                        -0.011888413484882187
                    ],
                    [
                        -0.5876723683809111,
                        0.1558772489266138,
                        -0.1779281415599612,
                        -0.05227303996083267,
                        0.09665696456552807,
                        -0.023735351143497938
                    ],
                    [
                        0.42332164313820675,
                        -0.1779281415599612,
                        0.29603695894225324,
                        0.06359709586399942,
                        -0.10196227800195874,
                        0.0594598659044973
                    ],
                    [
                        0.07895806421733081,
                        -0.05227303996083267,
                        0.06359709586399942,
                        0.049490480696248465,
                        -0.031016083533082786,
                        0.0034186580747485483
                    ],
                    [
                        -0.44496875239644,
                        0.09665696456552807,
                        -0.10196227800195874,
                        -0.031016083533082786,
                        0.06497089462194344,
                        -0.010317375705248485
                    ],
                    [
                        -0.011888413484882187,
                        -0.023735351143497938,
                        0.0594598659044973,
                        0.0034186580747485483,
                        -0.010317375705248485,
                        0.01881589534774953
                    ]
                ],
                "sheet_id": 2
            },
            {
                "label": "E7",
                "type": "E",
                "chain_id": "A",
                "start": 0,
                "end": 0,
                "color": "s053",
                "rainbow": "s616",
                "found_in": 3,
                "occurrence": 0.3333333333333333,
                "start_vector": [
                    244.74202166666666,
                    231.40651333333332,
                    196.04067333333333
                ],
                "end_vector": [
                    244.19688166666666,
                    234.25394933333334,
                    191.30251399999997
                ],
                "variance": 0.11748225209666206,
                "covariance": [
                    [
                        0.023955346094332426,
                        0.023121769370165107,
                        -0.012259637774833654,
                        0.0052419843408336355,
                        0.008935017024165439,
                        -0.015849228220498387
                    ],
                    [
                        0.023121769370165107,
                        0.02315053745433131,
                        -0.013105795395666878,
                        -0.0003496978408336557,
                        0.011352227628332033,
                        -0.01691774137549827
                    ],
                    [
                        -0.012259637774833654,
                        -0.013105795395666878,
                        0.00821800156633433,
                        0.005578890340167229,
                        -0.008739337881666639,
                        0.010585422125500184
                    ],
                    [
                        0.0052419843408336355,
                        -0.0003496978408336557,
                        0.005578890340167229,
                        0.036259163336333285,
                        -0.015753303800832702,
                        0.007047519323000914
                    ],
                    [
                        0.008935017024165439,
                        0.011352227628332033,
                        -0.008739337881666639,
                        -0.015753303800832702,
                        0.012263769658331883,
                        -0.011215049927499079
                    ],
                    [
                        -0.015849228220498387,
                        -0.01691774137549827,
                        0.010585422125500184,
                        0.007047519323000914,
                        -0.011215049927499079,
                        0.013635433986998813
                    ]
                ],
                "sheet_id": 3
            },
            {
                "label": "E8",
                "type": "E",
                "chain_id": "A",
                "start": 0,
                "end": 0,
                "color": "s346",
                "rainbow": "s644",
                "found_in": 3,
                "occurrence": 0.3333333333333333,
                "start_vector": [
                    239.79366666666667,
                    229.163,
                    183.042
                ],
                "end_vector": [
                    238.726,
                    226.98866666666666,
                    182.86766666666665
                ],
                "variance": 0.15937499999999988,
                "covariance": [
                    [
                        0.03388633333333335,
                        -0.017633999999998484,
                        0.018559000000000308,
                        0.03757250000000064,
                        -0.022560166666667304,
                        0.019112833333332534
                    ],
                    [
                        -0.017633999999998484,
                        0.011382999999998655,
                        -0.002352999999999051,
                        -0.019172499999998607,
                        0.01376949999999977,
                        -0.005163499999998554
                    ],
                    [
                        0.018559000000000308,
                        -0.002352999999999051,
                        0.03434799999999957,
                        0.021835000000000725,
                        -0.005636999999999518,
                        0.026300999999999207
                    ],
                    [
                        0.03757250000000064,
                        -0.019172499999998607,
                        0.021835000000000725,
                        0.041725000000001414,
                        -0.024665000000001044,
                        0.022014999999999493
                    ],
                    [
                        -0.022560166666667304,
                        0.01376949999999977,
                        -0.005636999999999518,
                        -0.024665000000001044,
                        0.016886333333334808,
                        -0.00832566666666582
                    ],
                    [
                        0.019112833333332534,
                        -0.005163499999998554,
                        0.026300999999999207,
                        0.022014999999999493,
                        -0.00832566666666582,
                        0.021146333333332067
                    ]
                ],
                "sheet_id": 4
            },
            {
                "label": "E9",
                "type": "E",
                "chain_id": "A",
                "start": 0,
                "end": 0,
                "color": "s639",
                "rainbow": "s699",
                "found_in": 9,
                "occurrence": 1.0,
                "start_vector": [
                    236.4346435555556,
                    222.10082022222224,
                    191.57670922222223
                ],
                "end_vector": [
                    230.19226966666668,
                    229.68847744444443,
                    193.86857966666668
                ],
                "variance": 2.5074312711061957,
                "covariance": [
                    [
                        1.0737574591570274,
                        -0.8709511992243931,
                        -0.6655678420916368,
                        0.21340103088732848,
                        -0.05346986088953251,
                        0.3543089823032099
                    ],
                    [
                        -0.8709511992243931,
                        0.7113622659592013,
                        0.5424814578319447,
                        -0.1717175012215405,
                        0.04161384266564259,
                        -0.29116071698004314
                    ],
                    [
                        -0.6655678420916368,
                        0.5424814578319447,
                        0.41603599605169084,
                        -0.12527120928328964,
                        0.03164095726839193,
                        -0.23187763805103948
                    ],
                    [
                        0.21340103088732848,
                        -0.1717175012215405,
                        -0.12527120928328964,
                        0.06746734666699816,
                        -0.010534239471584021,
                        0.03375409827125015
                    ],
                    [
                        -0.05346986088953251,
                        0.04161384266564259,
                        0.03164095726839193,
                        -0.010534239471584021,
                        0.012561942114778693,
                        0.005292058515666043
                    ],
                    [
                        0.3543089823032099,
                        -0.29116071698004314,
                        -0.23187763805103948,
                        0.03375409827125015,
                        0.005292058515666043,
                        0.22624626115649862
                    ]
                ],
                "sheet_id": 4
            },
            {
                "label": "E10",
                "type": "E",
                "chain_id": "A",
                "start": 0,
                "end": 0,
                "color": "s933",
                "rainbow": "s783",
                "found_in": 9,
                "occurrence": 1.0,
                "start_vector": [
                    233.213099,
                    230.68890888888888,
                    189.9898121111111
                ],
                "end_vector": [
                    239.62188111111107,
                    225.76836899999998,
                    191.58838155555554
                ],
                "variance": 3.5146609552871286,
                "covariance": [
                    [
                        0.0663378421534985,
                        -0.008300305143751009,
                        -0.030969119782750472,
                        0.19221709459024247,
                        -0.11390931233162019,
                        0.022435845164248475
                    ],
                    [
                        -0.008300305143751009,
                        0.055770985165612796,
                        0.07679239128539155,
                        0.2700136932848921,
                        -0.15603682691400145,
                        0.07784216797069561
                    ],
                    [
                        -0.030969119782750472,
                        0.07679239128539155,
                        0.11371278523636494,
                        0.302314620049996,
                        -0.1716175462691304,
                        0.09621657559155848
                    ],
                    [
                        0.19221709459024247,
                        0.2700136932848921,
                        0.302314620049996,
                        2.3174115318566217,
                        -1.3739898015268792,
                        0.5444113839029359
                    ],
                    [
                        -0.11390931233162019,
                        -0.15603682691400145,
                        -0.1716175462691304,
                        -1.3739898015268792,
                        0.8208870210930013,
                        -0.3220031745813777
                    ],
                    [
                        0.022435845164248475,
                        0.07784216797069561,
                        0.09621657559155848,
                        0.5444113839029359,
                        -0.3220031745813777,
                        0.14054078978202986
                    ]
                ],
                "sheet_id": 4
            },
            {
                "label": "E11",
                "type": "E",
                "chain_id": "A",
                "start": 0,
                "end": 0,
                "color": "s226",
                "rainbow": "s830",
                "found_in": 1,
                "occurrence": 0.1111111111111111,
                "start_vector": [
                    247.931,
                    224.635,
                    190.46
                ],
                "end_vector": [
                    250.029,
                    225.691,
                    189.9
                ],
                "variance": 0.0,
                "covariance": [
                    [
                        0.0,
                        0.0,
                        0.0,
                        0.0,
                        0.0,
                        0.0
                    ],
                    [
                        0.0,
                        0.0,
                        0.0,
                        0.0,
                        0.0,
                        0.0
                    ],
                    [
                        0.0,
                        0.0,
                        0.0,
                        0.0,
                        0.0,
                        0.0
                    ],
                    [
                        0.0,
                        0.0,
                        0.0,
                        0.0,
                        0.0,
                        0.0
                    ],
                    [
                        0.0,
                        0.0,
                        0.0,
                        0.0,
                        0.0,
                        0.0
                    ],
                    [
                        0.0,
                        0.0,
                        0.0,
                        0.0,
                        0.0,
                        0.0
                    ]
                ],
                "sheet_id": 5
            },
            {
                "label": "E12",
                "type": "E",
                "chain_id": "A",
                "start": 0,
                "end": 0,
                "color": "s519",
                "rainbow": "s839",
                "found_in": 1,
                "occurrence": 0.1111111111111111,
                "start_vector": [
                    250.658,
                    225.575,
                    193.729
                ],
                "end_vector": [
                    248.341,
                    226.122,
                    194.19
                ],
                "variance": 0.0,
                "covariance": [
                    [
                        0.0,
                        0.0,
                        0.0,
                        0.0,
                        0.0,
                        0.0
                    ],
                    [
                        0.0,
                        0.0,
                        0.0,
                        0.0,
                        0.0,
                        0.0
                    ],
                    [
                        0.0,
                        0.0,
                        0.0,
                        0.0,
                        0.0,
                        0.0
                    ],
                    [
                        0.0,
                        0.0,
                        0.0,
                        0.0,
                        0.0,
                        0.0
                    ],
                    [
                        0.0,
                        0.0,
                        0.0,
                        0.0,
                        0.0,
                        0.0
                    ],
                    [
                        0.0,
                        0.0,
                        0.0,
                        0.0,
                        0.0,
                        0.0
                    ]
                ],
                "sheet_id": 5
            },
            {
                "label": "E13",
                "type": "E",
                "chain_id": "A",
                "start": 0,
                "end": 0,
                "color": "s813",
                "rainbow": "s858",
                "found_in": 3,
                "occurrence": 0.3333333333333333,
                "start_vector": [
                    244.76503266666668,
                    227.85885700000003,
                    193.4527423333333
                ],
                "end_vector": [
                    240.565436,
                    230.81439833333334,
                    190.85396066666667
                ],
                "variance": 0.09921073586433285,
                "covariance": [
                    [
                        0.002730334106333342,
                        0.004163163026499972,
                        -0.003911581232333339,
                        0.006147944041999812,
                        0.010964087350666672,
                        -0.00452600510816685
                    ],
                    [
                        0.004163163026499972,
                        0.011967570741000699,
                        -0.008522805560500443,
                        0.008910828094500146,
                        0.024975153539000212,
                        -0.0058441817405010445
                    ],
                    [
                        -0.003911581232333339,
                        -0.008522805560500443,
                        0.006768705974333613,
                        -0.008596785139999947,
                        -0.019466934946667003,
                        0.006002906620167274
                    ],
                    [
                        0.006147944041999812,
                        0.008910828094500146,
                        -0.008596785139999947,
                        0.01388165922699902,
                        0.024007072554000024,
                        -0.010278457732499892
                    ],
                    [
                        0.010964087350666672,
                        0.024975153539000212,
                        -0.019466934946667003,
                        0.024007072554000024,
                        0.05616101664133259,
                        -0.0166217895483354
                    ],
                    [
                        -0.00452600510816685,
                        -0.0058441817405010445,
                        0.006002906620167274,
                        -0.010278457732499892,
                        -0.0166217895483354,
                        0.007701449174333577
                    ]
                ],
                "sheet_id": 3
            },
            {
                "label": "E14",
                "type": "E",
                "chain_id": "A",
                "start": 0,
                "end": 0,
                "color": "s106",
                "rainbow": "s886",
                "found_in": 3,
                "occurrence": 0.3333333333333333,
                "start_vector": [
                    239.6474443333333,
                    231.66023699999997,
                    190.14558666666665
                ],
                "end_vector": [
                    235.068305,
                    229.97654566666668,
                    183.536878
                ],
                "variance": 0.22869641908799676,
                "covariance": [
                    [
                        0.0463674874893294,
                        0.027436520805998045,
                        -0.016082255604331346,
                        0.024438796557999565,
                        0.0013835513126672378,
                        -0.028615517605997953
                    ],
                    [
                        0.027436520805998045,
                        0.03250116353100171,
                        -0.010683159113497825,
                        0.005376499742999231,
                        -0.03100598314900153,
                        0.010495233849004155
                    ],
                    [
                        -0.016082255604331346,
                        -0.010683159113497825,
                        0.005661745176332252,
                        -0.007824703919500204,
                        0.001803280732830711,
                        0.007957400324000899
                    ],
                    [
                        0.024438796557999565,
                        0.005376499742999231,
                        -0.007824703919500204,
                        0.017954300707000596,
                        0.018502482646999895,
                        -0.030399911299000403
                    ],
                    [
                        0.0013835513126672378,
                        -0.03100598314900153,
                        0.001803280732830711,
                        0.018502482646999895,
                        0.06230493051633061,
                        -0.05451479422900103
                    ],
                    [
                        -0.028615517605997953,
                        0.010495233849004155,
                        0.007957400324000899,
                        -0.030399911299000403,
                        -0.05451479422900103,
                        0.06390679166800216
                    ]
                ],
                "sheet_id": 4
            }
        ],
        "beta_connectivity": [
            [
                "E1",
                "E2",
                -1
            ],
            [
                "E3",
                "E4",
                -1
            ],
            [
                "E4",
                "E6",
                -1
            ],
            [
                "E5",
                "E6",
                -1
            ],
            [
                "E7",
                "E13",
                1
            ],
            [
                "E8",
                "E14",
                1
            ],
            [
                "E9",
                "E10",
                -1
            ],
            [
                "E10",
                "E14",
                -1
            ],
            [
                "E11",
                "E12",
                -1
            ]
        ]
    }
}