{
    "consensus": {
        "secondary_structure_elements": [
            {
                "label": "H0",
                "type": "H",
                "chain_id": "A",
                "start": 0,
                "end": 0,
                "color": "s000",
                "rainbow": "s100",
                "found_in": 3,
                "occurrence": 0.017543859649122806,
                "start_vector": [
                    232.12749433333332,
                    219.66803233333334,
                    152.549881
                ],
                "end_vector": [
                    236.85100933333334,
                    217.33657533333334,
                    157.91498833333333
                ],
                "variance": 5.673766666674035e-07,
                "covariance": [
                    [
                        2.2893733333261554e-07,
                        -1.1248266666448898e-07,
                        1.91137000001298e-07,
                        -5.809366666727338e-08,
                        -8.004866666687227e-08,
                        2.3128333333122852e-08
                    ],
                    [
                        -1.1248266666448898e-07,
                        7.674033333416719e-08,
                        -8.08894999976272e-08,
                        2.0259833333614435e-08,
                        8.83633333205251e-09,
                        -3.800166664573328e-09
                    ],
                    [
                        1.91137000001298e-07,
                        -8.08894999976272e-08,
                        1.674730000034412e-07,
                        -5.352400000063604e-08,
                        -8.532100000098613e-08,
                        2.3895500001036345e-08
                    ],
                    [
                        -5.809366666727338e-08,
                        2.0259833333614435e-08,
                        -5.352400000063604e-08,
                        1.7936333332926693e-08,
                        3.207433333178091e-08,
                        -8.786166666851819e-09
                    ],
                    [
                        -8.004866666687227e-08,
                        8.83633333205251e-09,
                        -8.532100000098613e-08,
                        3.207433333178091e-08,
                        7.128933333003032e-08,
                        -1.8826666668064424e-08
                    ],
                    [
                        2.3128333333122852e-08,
                        -3.800166664573328e-09,
                        2.3895500001036345e-08,
                        -8.786166666851819e-09,
                        -1.8826666668064424e-08,
                        5.000333334222577e-09
                    ]
                ]
            },
            {
                "label": "E1",
                "type": "E",
                "chain_id": "A",
                "start": 0,
                "end": 0,
                "color": "s293",
                "rainbow": "s109",
                "found_in": 105,
                "occurrence": 0.6140350877192983,
                "start_vector": [
                    229.67729098095236,
                    227.82360718095237,
                    153.09731113333333
                ],
                "end_vector": [
                    232.60741689523812,
                    220.1270936285714,
                    155.3764377809524
                ],
                "variance": 16.543655835634794,
                "covariance": [
                    [
                        0.9086700424340197,
                        0.0446337378326281,
                        -0.5669286021098232,
                        -0.12075145191969629,
                        0.5237198092466373,
                        -0.8798143101398715
                    ],
                    [
                        0.0446337378326281,
                        0.8046209007710544,
                        -0.4855458963255835,
                        -0.11003132883435665,
                        0.6058835219544558,
                        -0.478788807912644
                    ],
                    [
                        -0.5669286021098232,
                        -0.4855458963255835,
                        1.0611076763721352,
                        -0.0065398583116952225,
                        0.1212206699364407,
                        0.833200798060252
                    ],
                    [
                        -0.12075145191969629,
                        -0.11003132883435665,
                        -0.0065398583116952225,
                        0.8997616054428668,
                        -2.752488998983851,
                        0.5324216724964792
                    ],
                    [
                        0.5237198092466373,
                        0.6058835219544558,
                        0.1212206699364407,
                        -2.752488998983851,
                        11.162078452365156,
                        -1.9448055321101598
                    ],
                    [
                        -0.8798143101398715,
                        -0.478788807912644,
                        0.833200798060252,
                        0.5324216724964792,
                        -1.9448055321101598,
                        1.707417158249561
                    ]
                ],
                "sheet_id": 1
            },
            {
                "label": "E2",
                "type": "E",
                "chain_id": "A",
                "start": 0,
                "end": 0,
                "color": "s586",
                "rainbow": "s120",
                "found_in": 25,
                "occurrence": 0.14619883040935672,
                "start_vector": [
                    235.68625884000002,
                    211.53229199999998,
                    158.56774736
                ],
                "end_vector": [
                    234.91108535999996,
                    209.19715272000002,
                    162.41278972
                ],
                "variance": 16.45611003481663,
                "covariance": [
                    [
                        0.15255490773014194,
                        -0.22273313387416974,
                        0.2394592752213939,
                        -0.1110568500472325,
                        -0.31024653423217396,
                        0.899191241273874
                    ],
                    [
                        -0.22273313387416974,
                        1.8089813929216707,
                        -1.673748931309417,
                        0.3973019679229177,
                        1.141339780772872,
                        -2.6545758075327432
                    ],
                    [
                        0.2394592752213939,
                        -1.673748931309417,
                        2.882084998222327,
                        -0.7250397515867613,
                        -1.4185540492061037,
                        4.207006544600395
                    ],
                    [
                        -0.1110568500472325,
                        0.3973019679229177,
                        -0.7250397515867613,
                        0.3401630576524901,
                        0.5378927141884824,
                        -1.693350300960023
                    ],
                    [
                        -0.31024653423217396,
                        1.141339780772872,
                        -1.4185540492061037,
                        0.5378927141884824,
                        1.3597475710424605,
                        -3.2836952229524994
                    ],
                    [
                        0.899191241273874,
                        -2.6545758075327432,
                        4.207006544600395,
                        -1.693350300960023,
                        -3.2836952229524994,
                        9.912578107247539
                    ]
                ],
                "sheet_id": 2
            },
            {
                "label": "E3",
                "type": "E",
                "chain_id": "A",
                "start": 0,
                "end": 0,
                "color": "s879",
                "rainbow": "s134",
                "found_in": 131,
                "occurrence": 0.7660818713450293,
                "start_vector": [
                    237.39897047328245,
                    215.3983457938931,
                    156.73778717557252
                ],
                "end_vector": [
                    223.9012693816794,
                    199.9804059847328,
                    185.2908310610687
                ],
                "variance": 85.3373777171807,
                "covariance": [
                    [
                        3.1697990243562013,
                        -3.240580479957804,
                        1.1604609286419796,
                        -3.527617709210247,
                        1.1615082437444066,
                        2.9037964693260325
                    ],
                    [
                        -3.240580479957804,
                        35.053969622093376,
                        -28.38042534476754,
                        8.713624127931656,
                        -14.075021481802018,
                        -5.7910663381856
                    ],
                    [
                        1.1604609286419796,
                        -28.38042534476754,
                        27.010231977232944,
                        -7.092587846305878,
                        11.536801225427293,
                        4.069533787308699
                    ],
                    [
                        -3.527617709210247,
                        8.713624127931656,
                        -7.092587846305878,
                        7.038505229213483,
                        -2.981767745347095,
                        -6.037354751746382
                    ],
                    [
                        1.1615082437444066,
                        -14.075021481802018,
                        11.536801225427293,
                        -2.981767745347095,
                        6.454831636289124,
                        1.5587461330542323
                    ],
                    [
                        2.9037964693260325,
                        -5.7910663381856,
                        4.069533787308699,
                        -6.037354751746382,
                        1.5587461330542323,
                        6.6100402279955635
                    ]
                ],
                "sheet_id": 3
            },
            {
                "label": "E4",
                "type": "E",
                "chain_id": "A",
                "start": 0,
                "end": 0,
                "color": "s173",
                "rainbow": "s148",
                "found_in": 33,
                "occurrence": 0.19298245614035087,
                "start_vector": [
                    230.39399151515153,
                    206.24947884848484,
                    175.19195266666665
                ],
                "end_vector": [
                    222.10616957575758,
                    203.06699533333332,
                    184.99401948484848
                ],
                "variance": 49.960686646043214,
                "covariance": [
                    [
                        14.102951231839,
                        4.29288561164143,
                        -19.302293430381848,
                        -2.8251143289587834,
                        -2.0966082046708028,
                        5.300658309581954
                    ],
                    [
                        4.29288561164143,
                        1.733270658336072,
                        -5.604369344303496,
                        -1.0997563925908822,
                        -0.5984445040467313,
                        1.7241366131168265
                    ],
                    [
                        -19.302293430381848,
                        -5.604369344303496,
                        27.159291829975782,
                        3.8718775799692704,
                        2.878938903160431,
                        -7.440390424932074
                    ],
                    [
                        -2.8251143289587834,
                        -1.0997563925908822,
                        3.8718775799692704,
                        1.8569033621343782,
                        1.2180646916183668,
                        -2.5885328380472554
                    ],
                    [
                        -2.0966082046708028,
                        -0.5984445040467313,
                        2.878938903160431,
                        1.2180646916183668,
                        1.1249156903602306,
                        -1.8447984937634174
                    ],
                    [
                        5.300658309581954,
                        1.7241366131168265,
                        -7.440390424932074,
                        -2.5885328380472554,
                        -1.8447984937634174,
                        3.983353873397751
                    ]
                ],
                "sheet_id": 3
            },
            {
                "label": "E5",
                "type": "E",
                "chain_id": "A",
                "start": 0,
                "end": 0,
                "color": "s466",
                "rainbow": "s165",
                "found_in": 158,
                "occurrence": 0.9239766081871345,
                "start_vector": [
                    216.9433837658228,
                    194.64299103164555,
                    198.29819839240506
                ],
                "end_vector": [
                    213.6520850126582,
                    193.09239588607596,
                    207.34433581645567
                ],
                "variance": 8.963505255632231,
                "covariance": [
                    [
                        1.2529591973494807,
                        0.28238109209416673,
                        -1.637825477188965,
                        0.42374399091771675,
                        0.17564971096672566,
                        -0.7920696459911158
                    ],
                    [
                        0.28238109209416673,
                        0.27041915283422313,
                        -0.5430268950036383,
                        -0.06809553192386007,
                        0.18433441477991513,
                        -0.19283731501252338
                    ],
                    [
                        -1.637825477188965,
                        -0.5430268950036383,
                        3.275379555023627,
                        -0.08266213714536032,
                        -0.17444380246047286,
                        0.9481669548090766
                    ],
                    [
                        0.42374399091771675,
                        -0.06809553192386007,
                        -0.08266213714536032,
                        0.6950551595492227,
                        0.09585958984660015,
                        -1.050057028473984
                    ],
                    [
                        0.17564971096672566,
                        0.18433441477991513,
                        -0.17444380246047286,
                        0.09585958984660015,
                        0.3203831183581647,
                        -0.5385864839724537
                    ],
                    [
                        -0.7920696459911158,
                        -0.19283731501252338,
                        0.9481669548090766,
                        -1.050057028473984,
                        -0.5385864839724537,
                        3.149309072517512
                    ]
                ],
                "sheet_id": 4
            },
            {
                "label": "H6",
                "type": "H",
                "chain_id": "A",
                "start": 0,
                "end": 0,
                "color": "s759",
                "rainbow": "s188",
                "found_in": 109,
                "occurrence": 0.6374269005847953,
                "start_vector": [
                    211.39299505504587,
                    192.34724106422016,
                    211.40740775229358
                ],
                "end_vector": [
                    216.00874231192665,
                    194.61797379816517,
                    218.03490512844036
                ],
                "variance": 2.657175668633718,
                "covariance": [
                    [
                        0.45532085624194035,
                        -0.36573301211667836,
                        0.14733833574438276,
                        0.30742366431836216,
                        0.022070369024104742,
                        0.08010846328443708
                    ],
                    [
                        -0.36573301211667836,
                        0.5411528868303204,
                        -0.295235464772067,
                        -0.3614704204172982,
                        0.06856346879141045,
                        -0.22056862608291666
                    ],
                    [
                        0.14733833574438276,
                        -0.295235464772067,
                        0.529817915256316,
                        0.25732730040732776,
                        -0.07711194126296696,
                        0.4558024443342348
                    ],
                    [
                        0.30742366431836216,
                        -0.3614704204172982,
                        0.25732730040732776,
                        0.41333342809377216,
                        -0.0345505418968802,
                        0.18481822715776602
                    ],
                    [
                        0.022070369024104742,
                        0.06856346879141045,
                        -0.07711194126296696,
                        -0.0345505418968802,
                        0.1342922737156809,
                        -0.08135673933508455
                    ],
                    [
                        0.08010846328443708,
                        -0.22056862608291666,
                        0.4558024443342348,
                        0.18481822715776602,
                        -0.08135673933508455,
                        0.583258308495688
                    ]
                ]
            },
            {
                "label": "H7",
                "type": "H",
                "chain_id": "A",
                "start": 0,
                "end": 0,
                "color": "s053",
                "rainbow": "s211",
                "found_in": 159,
                "occurrence": 0.9298245614035088,
                "start_vector": [
                    212.125328654088,
                    190.30226572955976,
                    226.006504408805
                ],
                "end_vector": [
                    200.8966959371069,
                    198.50963780503145,
                    218.57189910062897
                ],
                "variance": 5.980195211889415,
                "covariance": [
                    [
                        0.9225478420973898,
                        -0.18310274785278996,
                        0.2785907156141293,
                        0.3527824898705012,
                        -1.0020303949801626,
                        0.24338728519207137
                    ],
                    [
                        -0.18310274785278996,
                        0.4651513718348948,
                        0.0877081841639094,
                        0.014300825478300206,
                        0.2969233609075033,
                        -0.029683042079611806
                    ],
                    [
                        0.2785907156141293,
                        0.0877081841639094,
                        1.1086828132114845,
                        0.20116772378779785,
                        -0.7050581661086711,
                        0.7770538374171302
                    ],
                    [
                        0.3527824898705012,
                        0.014300825478300206,
                        0.20116772378779785,
                        0.619576704305488,
                        -0.4518105247553955,
                        0.10682134419849326
                    ],
                    [
                        -1.0020303949801626,
                        0.2969233609075033,
                        -0.7050581661086711,
                        -0.4518105247553955,
                        1.9834925912486738,
                        -0.3809266291907252
                    ],
                    [
                        0.24338728519207137,
                        -0.029683042079611806,
                        0.7770538374171302,
                        0.10682134419849326,
                        -0.3809266291907252,
                        0.8807438891914838
                    ]
                ]
            },
            {
                "label": "H8",
                "type": "H",
                "chain_id": "A",
                "start": 0,
                "end": 0,
                "color": "s346",
                "rainbow": "s239",
                "found_in": 161,
                "occurrence": 0.9415204678362573,
                "start_vector": [
                    203.74932664596273,
                    198.1925440993789,
                    214.60312163975155
                ],
                "end_vector": [
                    214.47954797515527,
                    193.50601280124224,
                    175.2611144906832
                ],
                "variance": 19.449293290843478,
                "covariance": [
                    [
                        1.4900579159869671,
                        0.033197871306723345,
                        -1.1867547629110973,
                        1.1946458909528916,
                        1.2009080248742248,
                        0.6090131266850545
                    ],
                    [
                        0.033197871306723345,
                        2.4403234861667658,
                        1.3481133874651203,
                        0.1712274350281793,
                        0.778806732693015,
                        -0.0849699480276802
                    ],
                    [
                        -1.1867547629110973,
                        1.3481133874651203,
                        4.177814016532577,
                        -1.0119286301506898,
                        -0.25724051056428604,
                        -2.894113311187651
                    ],
                    [
                        1.1946458909528916,
                        0.1712274350281793,
                        -1.0119286301506898,
                        2.2527935127251633,
                        1.2700244443980975,
                        1.1114084400237123
                    ],
                    [
                        1.2009080248742248,
                        0.778806732693015,
                        -0.25724051056428604,
                        1.2700244443980975,
                        1.7875456548908621,
                        1.0085962315065249
                    ],
                    [
                        0.6090131266850545,
                        -0.0849699480276802,
                        -2.894113311187651,
                        1.1114084400237123,
                        1.0085962315065249,
                        7.300758704541143
                    ]
                ]
            },
            {
                "label": "H9",
                "type": "H",
                "chain_id": "A",
                "start": 0,
                "end": 0,
                "color": "s639",
                "rainbow": "s256",
                "found_in": 27,
                "occurrence": 0.15789473684210525,
                "start_vector": [
                    216.88901011111113,
                    184.0537546666667,
                    168.26889311111114
                ],
                "end_vector": [
                    227.56315274074075,
                    183.39001051851852,
                    167.68937014814816
                ],
                "variance": 35.52592748325664,
                "covariance": [
                    [
                        7.959228237702103,
                        -7.198350208016577,
                        -7.674440775615397,
                        3.113118239554829,
                        -8.317452516064483,
                        0.8526412371643576
                    ],
                    [
                        -7.198350208016577,
                        7.043840075520154,
                        6.723438059406464,
                        -2.396273061463391,
                        7.632912523959757,
                        -0.7717517329204401
                    ],
                    [
                        -7.674440775615397,
                        6.723438059406464,
                        7.602923616567257,
                        -3.335548694634736,
                        8.279290638645863,
                        -0.9995172266159683
                    ],
                    [
                        3.113118239554829,
                        -2.396273061463391,
                        -3.335548694634736,
                        2.5766211689191176,
                        -3.358711390327928,
                        0.6838070239667632
                    ],
                    [
                        -8.317452516064483,
                        7.632912523959757,
                        8.279290638645863,
                        -3.358711390327928,
                        9.821178832827416,
                        -1.5012141270409907
                    ],
                    [
                        0.8526412371643576,
                        -0.7717517329204401,
                        -0.9995172266159683,
                        0.6838070239667632,
                        -1.5012141270409907,
                        0.5221355517205858
                    ]
                ]
            },
            {
                "label": "H10",
                "type": "H",
                "chain_id": "A",
                "start": 0,
                "end": 0,
                "color": "s933",
                "rainbow": "s259",
                "found_in": 12,
                "occurrence": 0.07017543859649122,
                "start_vector": [
                    229.90202366666668,
                    185.00035475,
                    166.5362255833333
                ],
                "end_vector": [
                    231.45939900000005,
                    188.86132158333336,
                    160.97405916666668
                ],
                "variance": 5.180846756476935,
                "covariance": [
                    [
                        0.9057013122824198,
                        0.9596223135682691,
                        -0.6179327061860569,
                        0.40169342225799815,
                        1.2340214617257548,
                        -0.6032093300056675
                    ],
                    [
                        0.9596223135682691,
                        1.060646514631838,
                        -0.6435444584343832,
                        0.40918263133554383,
                        1.2926665522114305,
                        -0.6893620680076832
                    ],
                    [
                        -0.6179327061860569,
                        -0.6435444584343832,
                        0.4291043978980799,
                        -0.31265961293745204,
                        -0.8734926147701855,
                        0.3858371303792584
                    ],
                    [
                        0.40169342225799815,
                        0.40918263133554383,
                        -0.31265961293745204,
                        0.4383725620274543,
                        0.757967342478815,
                        -0.15333863522945543
                    ],
                    [
                        1.2340214617257548,
                        1.2926665522114305,
                        -0.8734926147701855,
                        0.757967342478815,
                        1.8519531540346261,
                        -0.72789676307702
                    ],
                    [
                        -0.6032093300056675,
                        -0.6893620680076832,
                        0.3858371303792584,
                        -0.15333863522945543,
                        -0.72789676307702,
                        0.49506881560251736
                    ]
                ]
            },
            {
                "label": "E11",
                "type": "E",
                "chain_id": "A",
                "start": 0,
                "end": 0,
                "color": "s226",
                "rainbow": "s265",
                "found_in": 51,
                "occurrence": 0.2982456140350877,
                "start_vector": [
                    233.51417249019605,
                    188.9309618627451,
                    162.28720470588232
                ],
                "end_vector": [
                    233.10541400000002,
                    191.12546813725496,
                    159.01615349019607
                ],
                "variance": 5.985473922231963,
                "covariance": [
                    [
                        1.4370212204252122,
                        -1.3003787966342908,
                        0.2665418284863475,
                        0.39425900636719957,
                        -0.5235595418697878,
                        -0.7130404312379462
                    ],
                    [
                        -1.3003787966342908,
                        1.3933518445574395,
                        -0.4098450497597606,
                        -0.4078568849282796,
                        0.5742484651888983,
                        0.7017869869160311
                    ],
                    [
                        0.2665418284863475,
                        -0.4098450497597606,
                        0.6471667236155306,
                        0.2165844238452806,
                        -0.08231935539743879,
                        0.12124900793698613
                    ],
                    [
                        0.39425900636719957,
                        -0.4078568849282796,
                        0.2165844238452806,
                        0.31928127539212015,
                        -0.4085844520748802,
                        0.10815484223909931
                    ],
                    [
                        -0.5235595418697878,
                        0.5742484651888983,
                        -0.08231935539743879,
                        -0.4085844520748802,
                        0.856991305716444,
                        -0.2891849037325101
                    ],
                    [
                        -0.7130404312379462,
                        0.7017869869160311,
                        0.12124900793698613,
                        0.10815484223909931,
                        -0.2891849037325101,
                        1.3316615525252165
                    ]
                ],
                "sheet_id": 5
            },
            {
                "label": "E12",
                "type": "E",
                "chain_id": "A",
                "start": 0,
                "end": 0,
                "color": "s519",
                "rainbow": "s273",
                "found_in": 51,
                "occurrence": 0.2982456140350877,
                "start_vector": [
                    235.69159998039214,
                    193.7929384117647,
                    160.8858321764706
                ],
                "end_vector": [
                    235.0502864901961,
                    192.8045596862745,
                    164.78315798039216
                ],
                "variance": 3.758068421117736,
                "covariance": [
                    [
                        0.36307629801497443,
                        -0.14913842785779102,
                        0.1897822933789036,
                        0.11764359115426883,
                        -0.2921617181664244,
                        0.48061483616251804
                    ],
                    [
                        -0.14913842785779102,
                        0.16410087190944658,
                        -0.26766188460141277,
                        -0.06491229474364638,
                        0.17054251746359264,
                        -0.17576238499293217
                    ],
                    [
                        0.1897822933789036,
                        -0.26766188460141277,
                        1.5744579682857827,
                        0.28725432304067344,
                        0.15002150053079238,
                        0.14928007278880906
                    ],
                    [
                        0.11764359115426883,
                        -0.06491229474364638,
                        0.28725432304067344,
                        0.12427358872645523,
                        -0.03830016565740281,
                        0.15844540230422952
                    ],
                    [
                        -0.2921617181664244,
                        0.17054251746359264,
                        0.15002150053079238,
                        -0.03830016565740281,
                        0.48941540713701936,
                        -0.4860353262921641
                    ],
                    [
                        0.48061483616251804,
                        -0.17576238499293217,
                        0.14928007278880906,
                        0.15844540230422952,
                        -0.4860353262921641,
                        1.0427442870440575
                    ]
                ],
                "sheet_id": 5
            },
            {
                "label": "H13",
                "type": "H",
                "chain_id": "A",
                "start": 0,
                "end": 0,
                "color": "s813",
                "rainbow": "s279",
                "found_in": 14,
                "occurrence": 0.08187134502923976,
                "start_vector": [
                    235.45045635714283,
                    192.89604492857143,
                    166.39919221428568
                ],
                "end_vector": [
                    233.5168694285714,
                    190.99767392857143,
                    171.7492127142857
                ],
                "variance": 43.81279156129844,
                "covariance": [
                    [
                        1.7349408510314752,
                        0.8445292406114839,
                        -0.38581135856978105,
                        -0.5905082042866188,
                        -0.9439061394732781,
                        2.8698413704556374
                    ],
                    [
                        0.8445292406114839,
                        0.6166691011783764,
                        -0.6904007955827461,
                        0.1093879469439588,
                        -0.0385327742580023,
                        0.8645085358663582
                    ],
                    [
                        -0.38581135856978105,
                        -0.6904007955827461,
                        14.74239143175604,
                        -7.86223357943025,
                        -4.978446056523604,
                        13.967995336373844
                    ],
                    [
                        -0.5905082042866188,
                        0.1093879469439588,
                        -7.86223357943025,
                        4.6632524727691775,
                        3.3246679662404968,
                        -9.000138078330547
                    ],
                    [
                        -0.9439061394732781,
                        -0.0385327742580023,
                        -4.978446056523604,
                        3.3246679662404968,
                        2.6786988870290043,
                        -6.800976487501646
                    ],
                    [
                        2.8698413704556374,
                        0.8645085358663582,
                        13.967995336373844,
                        -9.000138078330547,
                        -6.800976487501646,
                        19.37683881753437
                    ]
                ]
            },
            {
                "label": "E14",
                "type": "E",
                "chain_id": "A",
                "start": 0,
                "end": 0,
                "color": "s106",
                "rainbow": "s284",
                "found_in": 37,
                "occurrence": 0.21637426900584794,
                "start_vector": [
                    230.65921648648646,
                    186.87781986486488,
                    173.30699140540537
                ],
                "end_vector": [
                    231.83473651351346,
                    184.78721856756755,
                    174.0432634324324
                ],
                "variance": 5.486318665364326,
                "covariance": [
                    [
                        0.0666821833599257,
                        -0.08474187668493229,
                        0.05340426598604471,
                        0.02742282630182788,
                        -0.28854463616664655,
                        -0.035870455390663775
                    ],
                    [
                        -0.08474187668493229,
                        0.4703589279789518,
                        -0.4819530252281926,
                        0.2062594544049888,
                        1.055369876836217,
                        -0.39298671493866166
                    ],
                    [
                        0.05340426598604471,
                        -0.4819530252281926,
                        1.3129351071086852,
                        -0.37704308924868984,
                        -1.018203361561016,
                        0.8844682097562637
                    ],
                    [
                        0.02742282630182788,
                        0.2062594544049888,
                        -0.37704308924868984,
                        0.2224032333505347,
                        0.3472435602257052,
                        -0.3815606450892849
                    ],
                    [
                        -0.28854463616664655,
                        1.055369876836217,
                        -1.018203361561016,
                        0.3472435602257052,
                        2.6321906552962546,
                        -0.7007321275756441
                    ],
                    [
                        -0.035870455390663775,
                        -0.39298671493866166,
                        0.8844682097562637,
                        -0.3815606450892849,
                        -0.7007321275756441,
                        0.7817485582699746
                    ]
                ],
                "sheet_id": 6
            },
            {
                "label": "E15",
                "type": "E",
                "chain_id": "A",
                "start": 0,
