{
    "consensus": {
        "secondary_structure_elements": [
            {
                "label": "E0",
                "type": "E",
                "chain_id": "A",
                "start": 0,
                "end": 0,
                "color": "s000",
                "rainbow": "s101",
                "found_in": 1,
                "occurrence": 0.1111111111111111,
                "start_vector": [
                    229.002389,
                    228.220876,
                    153.439496
                ],
                "end_vector": [
                    233.15276,
                    217.393274,
                    154.557667
                ],
                "variance": 0.0,
                "covariance": [
                    [
                        0.0,
                        0.0,
                        0.0,
                        0.0,
                        0.0,
                        0.0
                    ],
                    [
                        0.0,
                        0.0,
                        0.0,
                        0.0,
                        0.0,
                        0.0
                    ],
                    [
                        0.0,
                        0.0,
                        0.0,
                        0.0,
                        0.0,
                        0.0
                    ],
                    [
                        0.0,
                        0.0,
                        0.0,
                        0.0,
                        0.0,
                        0.0
                    ],
                    [
                        0.0,
                        0.0,
                        0.0,
                        0.0,
                        0.0,
                        0.0
                    ],
                    [
                        0.0,
                        0.0,
                        0.0,
                        0.0,
                        0.0,
                        0.0
                    ]
                ],
                "sheet_id": 1
            },
            {
                "label": "E1",
                "type": "E",
                "chain_id": "A",
                "start": 0,
                "end": 0,
                "color": "s293",
                "rainbow": "s115",
                "found_in": 9,
                "occurrence": 1.0,
                "start_vector": [
                    235.1529723333333,
                    222.23595077777776,
                    150.88576711111114
                ],
                "end_vector": [
                    226.53840233333332,
                    197.0500011111111,
                    183.75046388888887
                ],
                "variance": 29.964336591819077,
                "covariance": [
                    [
                        0.7488008110305107,
                        -3.565766179018692,
                        2.2800381249478514,
                        -1.1248099354921353,
                        1.2430564944240925,
                        1.0126054048079214
                    ],
                    [
                        -3.565766179018692,
                        17.05635033583496,
                        -10.922487306994869,
                        5.363802584507349,
                        -5.953673937576356,
                        -4.815611837125768
                    ],
                    [
                        2.2800381249478514,
                        -10.922487306994869,
                        7.0035358777786305,
                        -3.4290332595056805,
                        3.811883192973371,
                        3.0722036517738855
                    ],
                    [
                        -1.1248099354921353,
                        5.363802584507349,
                        -3.4290332595056805,
                        1.6922273961992578,
                        -1.8722945358394232,
                        -1.522089773635958
                    ],
                    [
                        1.2430564944240925,
                        -5.953673937576356,
                        3.811883192973371,
                        -1.8722945358394232,
                        2.081267305632615,
                        1.6819314747372616
                    ],
                    [
                        1.0126054048079214,
                        -4.815611837125768,
                        3.0722036517738855,
                        -1.522089773635958,
                        1.6819314747372616,
                        1.3821548653431042
                    ]
                ],
                "sheet_id": 2
            },
            {
                "label": "E2",
                "type": "E",
                "chain_id": "A",
                "start": 0,
                "end": 0,
                "color": "s586",
                "rainbow": "s142",
                "found_in": 9,
                "occurrence": 1.0,
                "start_vector": [
                    218.88050888888887,
                    194.81762477777778,
                    196.42782777777776
                ],
                "end_vector": [
                    214.0135798888889,
                    193.41632800000002,
                    207.5362927777778
                ],
                "variance": 0.18721147376380642,
                "covariance": [
                    [
                        0.07753470979761164,
                        0.016410681744472626,
                        -0.014641215247152936,
                        0.046574097888236125,
                        0.020681934785750495,
                        -0.04241588523477901
                    ],
                    [
                        0.016410681744472626,
                        0.01886948495394489,
                        0.0032799421371942404,
                        0.01007127891872267,
                        0.00565734518975031,
                        -0.01153773133705535
                    ],
                    [
                        -0.014641215247152936,
                        0.0032799421371942404,
                        0.011656455631194143,
                        -0.013818860390652622,
                        -0.003096879847000387,
                        0.008873144445069139
                    ],
                    [
                        0.046574097888236125,
                        0.01007127891872267,
                        -0.013818860390652622,
                        0.038010078820610214,
                        0.01602542913250031,
                        -0.021876227147277934
                    ],
                    [
                        0.020681934785750495,
                        0.00565734518975031,
                        -0.003096879847000387,
                        0.01602542913250031,
                        0.009041906199500252,
                        -0.007968011524499847
                    ],
                    [
                        -0.04241588523477901,
                        -0.01153773133705535,
                        0.008873144445069139,
                        -0.021876227147277934,
                        -0.007968011524499847,
                        0.03209883836094529
                    ]
                ],
                "sheet_id": 3
            },
            {
                "label": "H3",
                "type": "H",
                "chain_id": "A",
                "start": 0,
                "end": 0,
                "color": "s879",
                "rainbow": "s168",
                "found_in": 9,
                "occurrence": 1.0,
                "start_vector": [
                    211.4574191111111,
                    193.05668133333333,
                    211.07362944444446
                ],
                "end_vector": [
                    215.83452555555556,
                    194.6357791111111,
                    217.91529388888887
                ],
                "variance": 0.259251040646136,
                "covariance": [
                    [
                        0.019521198619611088,
                        0.011095888866208286,
                        -0.03203413656680465,
                        -0.007223920864819128,
                        -0.0013370842638887573,
                        -0.03197041586585987
                    ],
                    [
                        0.011095888866208286,
                        0.0325767998277512,
                        -0.04868100745479133,
                        -0.028632733375584474,
                        0.007140367300207655,
                        -0.04073712741708401
                    ],
                    [
                        -0.03203413656680465,
                        -0.04868100745479133,
                        0.09245667955752475,
                        0.043254929176222666,
                        -0.0065874738093048,
                        0.0792901245456781
                    ],
                    [
                        -0.007223920864819128,
                        -0.028632733375584474,
                        0.043254929176222666,
                        0.03155257643827975,
                        -0.005629641706443942,
                        0.0364515520690704
                    ],
                    [
                        -0.0013370842638887573,
                        0.007140367300207655,
                        -0.0065874738093048,
                        -0.005629641706443942,
                        0.005071042314360491,
                        -0.005243194063986076
                    ],
                    [
                        -0.03197041586585987,
                        -0.04073712741708401,
                        0.0792901245456781,
                        0.0364515520690704,
                        -0.005243194063986076,
                        0.07807274388860878
                    ]
                ]
            },
            {
                "label": "H4",
                "type": "H",
                "chain_id": "A",
                "start": 0,
                "end": 0,
                "color": "s173",
                "rainbow": "s194",
                "found_in": 9,
                "occurrence": 1.0,
                "start_vector": [
                    211.68848133333333,
                    190.51079344444443,
                    225.1956768888889
                ],
                "end_vector": [
                    200.42427666666669,
                    199.68735366666667,
                    217.89370355555556
                ],
                "variance": 0.17428361848716784,
                "covariance": [
                    [
                        0.028430957347249618,
                        0.019753682879957803,
                        -0.015020910709333184,
                        0.019628802093999406,
                        -0.023569424214875394,
                        -0.01269937758820707
                    ],
                    [
                        0.019753682879957803,
                        0.02943230256752726,
                        -0.01335242616019482,
                        0.0036482622547919794,
                        -0.013089878411833906,
                        -0.028759110442527193
                    ],
                    [
                        -0.015020910709333184,
                        -0.01335242616019482,
                        0.02933921970436217,
                        -0.016432392017292814,
                        0.014336476188709354,
                        0.018974856032319097
                    ],
                    [
                        0.019628802093999406,
                        0.0036482622547919794,
                        -0.016432392017292814,
                        0.02969945790475032,
                        -0.019264423011125464,
                        0.000498603534333786
                    ],
                    [
                        -0.023569424214875394,
                        -0.013089878411833906,
                        0.014336476188709354,
                        -0.019264423011125464,
                        0.022228795826751396,
                        0.006410971304333317
                    ],
                    [
                        -0.01269937758820707,
                        -0.028759110442527193,
                        0.018974856032319097,
                        0.000498603534333786,
                        0.006410971304333317,
                        0.03515288513652708
                    ]
                ]
            },
            {
                "label": "H5",
                "type": "H",
                "chain_id": "A",
                "start": 0,
                "end": 0,
                "color": "s466",
                "rainbow": "s220",
                "found_in": 9,
                "occurrence": 1.0,
                "start_vector": [
                    203.4674103333333,
                    198.88254700000002,
                    214.8671468888889
                ],
                "end_vector": [
                    216.45481,
                    193.35232622222225,
                    177.7178058888889
                ],
                "variance": 6.327391019358433,
                "covariance": [
                    [
                        1.4001558635605105,
                        -0.7468127641916289,
                        -2.427856535961344,
                        -0.45106458330575316,
                        0.249464880528041,
                        -0.1804192204972118
                    ],
                    [
                        -0.7468127641916289,
                        0.42063674097600057,
                        1.3113466811575023,
                        0.2443235748742502,
                        -0.14625988583287441,
                        0.11869440498637605
                    ],
                    [
                        -2.427856535961344,
                        1.3113466811575023,
                        4.233577822958367,
                        0.7863740576030029,
                        -0.4382587188875943,
                        0.3265940925771163
                    ],
                    [
                        -0.45106458330575316,
                        0.2443235748742502,
                        0.7863740576030029,
                        0.16374663821324945,
                        -0.07869269472437418,
                        0.06570416977375061
                    ],
                    [
                        0.249464880528041,
                        -0.14625988583287441,
                        -0.4382587188875943,
                        -0.07869269472437418,
                        0.06092913425569443,
                        -0.04661205435434748
                    ],
                    [
                        -0.1804192204972118,
                        0.11869440498637605,
                        0.3265940925771163,
                        0.06570416977375061,
                        -0.04661205435434748,
                        0.048344819394611556
                    ]
                ]
            },
            {
                "label": "E6",
                "type": "E",
                "chain_id": "A",
                "start": 0,
                "end": 0,
                "color": "s759",
                "rainbow": "s242",
                "found_in": 6,
                "occurrence": 0.6666666666666666,
                "start_vector": [
                    230.71166666666667,
                    187.50300000000001,
                    173.25850000000003
                ],
                "end_vector": [
                    232.30600000000004,
                    185.6866666666667,
                    173.85666666666665
                ],
                "variance": 0.07713630000000085,
                "covariance": [
                    [
                        0.01691986666666695,
                        0.006872799999999693,
                        0.01259780000000086,
                        0.014791399999999875,
                        -0.009811533333332796,
                        -0.01962713333333395
                    ],
                    [
                        0.006872799999999693,
                        0.004400799999999929,
                        0.005632199999999955,
                        0.006967199999999409,
                        -0.0018015999999994035,
                        -0.008052599999999351
                    ],
                    [
                        0.01259780000000086,
                        0.005632199999999955,
                        0.009548700000001029,
                        0.011259600000000473,
                        -0.006615400000000127,
                        -0.014598400000001177
                    ],
                    [
                        0.014791399999999875,
                        0.006967199999999409,
                        0.011259600000000473,
                        0.014407999999999394,
                        -0.007140199999999478,
                        -0.017817799999999828
                    ],
                    [
                        -0.009811533333332796,
                        -0.0018015999999994035,
                        -0.006615400000000127,
                        -0.007140199999999478,
                        0.008673866666665952,
                        0.011181066666666678
                    ],
                    [
                        -0.01962713333333395,
                        -0.008052599999999351,
                        -0.014598400000001177,
                        -0.017817799999999828,
                        0.011181066666666678,
                        0.0231850666666676
                    ]
                ],
                "sheet_id": 4
            },
            {
                "label": "E7",
                "type": "E",
                "chain_id": "A",
                "start": 0,
                "end": 0,
                "color": "s053",
                "rainbow": "s259",
                "found_in": 6,
                "occurrence": 0.6666666666666666,
                "start_vector": [
                    231.67866666666666,
                    188.87,
                    177.3025
                ],
                "end_vector": [
                    233.845,
                    189.99933333333334,
                    177.09716666666665
                ],
                "variance": 0.1562198000000034,
                "covariance": [
                    [
                        0.016742266666668087,
                        0.01917300000000125,
                        -0.013949000000001419,
                        0.01761860000000001,
                        0.017549733333335284,
                        -0.013988533333334883
                    ],
                    [
                        0.01917300000000125,
                        0.04823559999999763,
                        -0.024911600000001106,
                        0.021341600000000252,
                        0.0399532000000005,
                        -0.029096200000001144
                    ],
                    [
                        -0.013949000000001419,
                        -0.024911600000001106,
                        0.01759510000000212,
                        -0.014403600000000292,
                        -0.022909200000001823,
                        0.018812700000001847
                    ],
                    [
                        0.01761860000000001,
                        0.021341600000000252,
                        -0.014403600000000292,
                        0.018746399999998577,
                        0.018997200000001043,
                        -0.014679800000000666
                    ],
                    [
                        0.017549733333335284,
                        0.0399532000000005,
                        -0.022909200000001823,
                        0.018997200000001043,
                        0.03420106666666864,
                        -0.02596146666666852
                    ],
                    [
                        -0.013988533333334883,
                        -0.029096200000001144,
                        0.018812700000001847,
                        -0.014679800000000666,
                        -0.02596146666666852,
                        0.020699366666668363
                    ]
                ],
                "sheet_id": 4
            },
            {
                "label": "H8",
                "type": "H",
                "chain_id": "A",
                "start": 0,
                "end": 0,
                "color": "s346",
                "rainbow": "s281",
                "found_in": 9,
                "occurrence": 1.0,
                "start_vector": [
                    233.8958922222222,
                    191.4810818888889,
                    175.9583291111111
                ],
                "end_vector": [
                    235.11414711111112,
                    197.0864828888889,
                    190.32141177777777
                ],
                "variance": 0.9243469151890855,
                "covariance": [
                    [
                        0.043780156720444316,
                        0.04231751930940299,
                        -0.03134384719790377,
                        -0.07869803197065268,
                        0.017574487468027828,
                        0.013439267483680208
                    ],
                    [
                        0.04231751930940299,
                        0.05398390538061084,
                        -0.03677798529898741,
                        -0.09109621542598537,
                        -0.007980626953138416,
                        -0.02869660769615119
                    ],
                    [
                        -0.03134384719790377,
                        -0.03677798529898741,
                        0.027184026537363022,
                        0.06776247924048787,
                        -0.007939998409111654,
                        -0.005445629361348623
                    ],
                    [
                        -0.07869803197065268,
                        -0.09109621542598537,
                        0.06776247924048787,
                        0.17195858714085843,
                        -0.027495148910862115,
                        -0.029962447210223397
                    ],
                    [
                        0.017574487468027828,
                        -0.007980626953138416,
                        -0.007939998409111654,
                        -0.027495148910862115,
                        0.13665843177911582,
                        0.23195961483385275
                    ],
                    [
                        0.013439267483680208,
                        -0.02869660769615119,
                        -0.005445629361348623,
                        -0.029962447210223397,
                        0.23195961483385275,
                        0.4907818076306931
                    ]
                ]
            },
            {
                "label": "E9",
                "type": "E",
                "chain_id": "A",
                "start": 0,
                "end": 0,
                "color": "s639",
                "rainbow": "s307",
                "found_in": 9,
                "occurrence": 1.0,
                "start_vector": [
                    219.37181877777778,
                    192.3290867777778,
                    208.8555848888889
                ],
                "end_vector": [
                    219.21445122222224,
                    189.0399328888889,
                    196.97916855555553
                ],
                "variance": 0.1563710134905851,
                "covariance": [
                    [
                        0.0326709732066956,
                        0.0193644477945696,
                        -0.015997948158028175,
                        0.029373063909181395,
                        -0.00646021245877804,
                        -0.0010312860953605107
                    ],
                    [
                        0.0193644477945696,
                        0.02570301173194417,
                        -0.01214829894752858,
                        0.02043837460018083,
                        -0.001050271986652987,
                        -0.00013201008848530188
                    ],
                    [
                        -0.015997948158028175,
                        -0.01214829894752858,
                        0.013514780850112346,
                        -0.015452364994472969,
                        0.01654191047498721,
                        0.00478493716569431
                    ],
                    [
                        0.029373063909181395,
                        0.02043837460018083,
                        -0.015452364994472969,
                        0.03353922573919444,
                        -0.00017153782509860167,
                        -0.0009201756425133117
                    ],
                    [
                        -0.00646021245877804,
                        -0.001050271986652987,
                        0.01654191047498721,
                        -0.00017153782509860167,
                        0.046783994856610917,
                        0.011734310848444311
                    ],
                    [
                        -0.0010312860953605107,
                        -0.00013201008848530188,
                        0.00478493716569431,
                        -0.0009201756425133117,
                        0.011734310848444311,
                        0.00415902710602763
                    ]
                ],
                "sheet_id": 3
            },
            {
                "label": "H10",
                "type": "H",
                "chain_id": "A",
                "start": 0,
                "end": 0,
                "color": "s933",
                "rainbow": "s333",
                "found_in": 9,
                "occurrence": 1.0,
                "start_vector": [
                    223.73545611111112,
                    185.82191266666666,
                    186.2961521111111
                ],
                "end_vector": [
                    221.95552822222223,
                    192.70899388888887,
                    161.09346533333334
                ],
                "variance": 0.10869025000378045,
                "covariance": [
                    [
                        0.025989975749111823,
                        0.008154451441415933,
                        0.01248020183461146,
                        -0.007320101161152702,
                        -0.005886050376861778,
                        -0.0001080256299168319
                    ],
                    [
                        0.008154451441415933,
                        0.022868973445999988,
                        0.026275051299916537,
                        0.0036144020048334766,
                        -0.011612047780417146,
                        -0.009856055484500352
                    ],
                    [
                        0.01248020183461146,
                        0.026275051299916537,
                        0.03879538658386148,
                        0.00800127409409751,
                        -0.012946779444736841,
                        -0.011957557613541605
                    ],
                    [
                        -0.007320101161152702,
                        0.0036144020048334766,
                        0.00800127409409751,
                        0.007468102729444566,
                        -0.0013328542895974644,
                        -0.0033193810780830866
                    ],
                    [
                        -0.005886050376861778,
                        -0.011612047780417146,
                        -0.012946779444736841,
                        -0.0013328542895974644,
                        0.008550314200112506,
                        0.004143974925041983
                    ],
                    [
                        -0.0001080256299168319,
                        -0.009856055484500352,
                        -0.011957557613541605,
                        -0.0033193810780830866,
                        0.004143974925041983,
                        0.005017497295250066
                    ]
                ]
            },
            {
                "label": "H11",
                "type": "H",
                "chain_id": "A",
                "start": 0,
                "end": 0,
                "color": "s226",
                "rainbow": "s359",
                "found_in": 9,
                "occurrence": 1.0,
                "start_vector": [
                    218.1489721111111,
                    194.6820257777778,
                    161.7212878888889
                ],
                "end_vector": [
                    211.24874944444446,
                    192.8175093333333,
                    165.8952171111111
                ],
                "variance": 4.414854242106066,
                "covariance": [
                    [
                        0.11024146320736203,
                        0.07299076261402777,
                        -0.12302820173548887,
                        0.04692677001033103,
                        0.0222841806739607,
                        -0.0005328509361423634
                    ],
                    [
                        0.07299076261402777,
                        0.12151503366544808,
                        0.013651931819722381,
                        -0.4236502322598957,
                        -0.14984636625066994,
                        0.17988439723740426
                    ],
                    [
                        -0.12302820173548887,
                        0.013651931819722381,
                        0.2756458700143635,
                        -0.6695283913491998,
                        -0.25896881914895914,
                        0.25182516082501405
                    ],
                    [
                        0.04692677001033103,
                        -0.4236502322598957,
                        -0.6695283913491998,
                        3.0260501493840337,
                        1.060478167547712,
                        -1.1583345704760495
                    ],
                    [
                        0.0222841806739607,
                        -0.14984636625066994,
                        -0.25896881914895914,
                        1.060478167547712,
                        0.41300289331050266,
                        -0.42472005438154087
                    ],
                    [
                        -0.0005328509361423634,
                        0.17988439723740426,
                        0.25182516082501405,
                        -1.1583345704760495,
                        -0.42472005438154087,
                        0.4683988325243558
                    ]
                ]
            },
            {
                "label": "H12",
                "type": "H",
                "chain_id": "A",
                "start": 0,
                "end": 0,
                "color": "s519",
                "rainbow": "s385",
                "found_in": 9,
                "occurrence": 1.0,
                "start_vector": [
                    227.04546466666665,
                    192.7050678888889,
                    155.2701124444444
                ],
                "end_vector": [
                    220.19110266666667,
                    210.25151033333333,
                    156.73472099999998
                ],
                "variance": 0.07550449399588849,
                "covariance": [
                    [
                        0.01262396096900014,
                        -0.0020234463430414944,
                        -0.0024532932437081574,
                        -0.001611684833124674,
                        -0.001061595876999687,
                        -0.0007771946213747305
                    ],
                    [
                        -0.0020234463430414944,
                        0.0024193122406108796,
                        -0.0032623386430695573,
                        0.002055159474832929,
                        -0.0004403089949585573,
                        0.005701920866250407
                    ],
                    [
                        -0.0024532932437081574,
                        -0.0032623386430695573,
                        0.012149270255277116,
                        -0.0056485577853330575,
                        0.0030805659720823074,
                        -0.017476449999624083
                    ],
                    [
                        -0.001611684833124674,
                        0.002055159474832929,
                        -0.0056485577853330575,
                        0.006447816507499706,
                        0.0013338701312505493,
                        0.007114808838249186
                    ],
                    [
                        -0.001061595876999687,
                        -0.0004403089949585573,
                        0.0030805659720823074,
                        0.0013338701312505493,
                        0.011855769860001204,
                        -0.010193237575624993
                    ],
                    [
                        -0.0007771946213747305,
                        0.005701920866250407,
                        -0.017476449999624083,
                        0.007114808838249186,
                        -0.010193237575624993,
                        0.030008364163499446
                    ]
                ]
            },
            {
                "label": "H13",
                "type": "H",
                "chain_id": "A",
                "start": 0,
                "end": 0,
                "color": "s813",
                "rainbow": "s411",
                "found_in": 9,
                "occurrence": 1.0,
                "start_vector": [
                    225.1315701111111,
                    206.4350381111111,
                    149.24018555555554
                ],
                "end_vector": [
                    234.97612755555554,
                    201.61153988888887,
                    151.27682366666667
                ],
                "variance": 0.06720282637613671,
                "covariance": [
                    [
                        0.02049854069886134,
                        -0.011679310688263939,
                        0.007667883524304838,
                        1.021809580586887e-05,
                        0.01042145690863866,
                        0.006167832550041539
                    ],
                    [
                        -0.011679310688263939,
                        0.007988761863360781,
                        -0.002751609341943684,
                        0.0012253397479299127,
                        -0.0025155559924861515,
                        -0.0016037213889586609
                    ],
                    [
                        0.007667883524304838,
                        -0.002751609341943684,
                        0.009376900817777315,
                        0.0005884639692779524,
                        0.008566292130819131,
                        0.003897891382082703
                    ],
                    [
                        1.021809580586887e-05,
                        0.0012253397479299127,
                        0.0005884639692779524,
                        0.0031000105472777837,
                        0.003708633340318967,
                        0.0015600273637077465
                    ],
                    [
                        0.01042145690863866,
                        -0.0025155559924861515,
                        0.008566292130819131,
                        0.003708633340318967,
                        0.01816014766061024,
                        0.011226092657582344
                    ],
                    [
                        0.006167832550041539,
                        -0.0016037213889586609,
                        0.003897891382082703,
                        0.0015600273637077465,
                        0.011226092657582344,
                        0.00807846478824925
                    ]
                ]
            },
            {
                "label": "H14",
                "type": "H",
                "chain_id": "A",
                "start": 0,
                "end": 0,
                "color": "s106",
                "rainbow": "s437",
                "found_in": 9,
                "occurrence": 1.0,
                "start_vector": [
                    236.109451,
                    200.6978212222222,
                    152.27751133333334
                ],
                "end_vector": [
                    241.00643977777776,
                    201.85534122222222,
                    184.70087255555555
                ],
                "variance": 0.2656329251301117,
                "covariance": [
                    [
                        0.014709740053749552,
                        0.01796509051425011,
                        0.0017267004882499356,
                        -0.0342963149287488,
                        -0.01740640119774945,
                        0.010041290609248472
                    ],
                    [
                        0.01796509051425011,
                        0.03420542342369511,
                        0.0030630571954170416,
                        -0.043395613920194726,
                        -0.02677891766567968,
                        0.02011427429586113
                    ],
                    [
                        0.0017267004882499356,
                        0.0030630571954170416,
                        0.002413220341749985,
                        -0.008260981855417151,
                        0.0021297332041662984,
                        0.009461033563167033
                    ],
                    [
                        -0.0342963149287488,
                        -0.043395613920194726,
                        -0.008260981855417151,
                        0.09915195786244661,
                        0.03484688373918022,
                        -0.050573112510236475
                    ],
                    [
                        -0.01740640119774945,
                        -0.02677891766567968,
                        0.0021297332041662984,
                        0.03484688373918022,
                        0.03445170882269281,
                        0.0023924800964868547
                    ],
                    [
                        0.010041290609248472,
                        0.02011427429586113,
                        0.009461033563167033,
                        -0.050573112510236475,
                        0.0023924800964868547,
                        0.08070087462577767
                    ]
                ]
            },
            {
                "label": "H15",
                "type": "H",
                "chain_id": "A",
                "start": 0,
                "end": 0,
                "color": "s399",
                "rainbow": "s459",
                "found_in": 6,
                "occurrence": 0.6666666666666666,
                "start_vector": [
                    239.21725466666666,
                    205.01299433333335,
