{
  "consensus": {
    "secondary_structure_elements": [
      {
        "label": "H0",
        "type": "H",
        "chain_id": "A",
        "start": 0,
        "end": 0,
        "color": "s000",
        "color_hex": "#FF00FF",
        "rainbow": "s125",
        "rainbow_hex": "#3F00FF",
        "found_in": 16,
        "occurrence": 0.8,
        "start_vector": [
          -15.198687499999998,
          4.3713750000000005,
          0.8179374999999998
        ],
        "end_vector": [
          -12.059562499999998,
          7.725625,
          -2.403625
        ],
        "variance": 252.63831797083336,
        "covariance": [
          [
            20.986264629166666,
            40.18103140833335,
            -36.956131645833345,
            13.780901587499999,
            28.07723185833333,
            -28.736904924999994
          ],
          [
            40.18103140833335,
            79.34760105000001,
            -71.08335830833333,
            26.075811091666672,
            54.04556388333334,
            -55.526120083333346
          ],
          [
            -36.956131645833345,
            -71.08335830833333,
            65.46248472916668,
            -24.359689904166665,
            -49.813695758333324,
            50.903668225000004
          ],
          [
            13.780901587499999,
            26.075811091666672,
            -24.359689904166665,
            9.222521329166664,
            18.56950864166666,
            -18.951255575
          ],
          [
            28.07723185833333,
            54.04556388333334,
            -49.813695758333324,
            18.56950864166666,
            37.955911183333335,
            -38.76121465
          ],
          [
            -28.736904924999994,
            -55.526120083333346,
            50.903668225000004,
            -18.951255575,
            -38.76121465,
            39.66353505
          ]
        ]
      },
      {
        "label": "E1",
        "type": "E",
        "chain_id": "A",
        "start": 0,
        "end": 0,
        "color": "s293",
        "color_hex": "#00C1FF",
        "rainbow": "s181",
        "rainbow_hex": "#0015FF",
        "found_in": 20,
        "occurrence": 1.0,
        "start_vector": [
          -8.90185,
          12.359100000000002,
          -5.8149999999999995
        ],
        "end_vector": [
          8.3203,
          12.390699999999999,
          4.20985
        ],
        "variance": 166.45743206842104,
        "covariance": [
          [
            35.76121434473684,
            30.853431247368423,
            13.806142210526316,
            -1.6795891526315774,
            19.369595047368424,
            -20.005031134210522
          ],
          [
            30.853431247368423,
            32.55887872631578,
            0.7923147368421057,
            -5.843742505263155,
            16.817538294736842,
            -31.62375014210526
          ],
          [
            13.806142210526316,
            0.7923147368421057,
            27.541451684210532,
            9.765839894736843,
            6.426593368421054,
            22.04824321052632
          ],
          [
            -1.6795891526315774,
            -5.843742505263155,
            9.765839894736843,
            7.035836431578947,
            -2.5185146421052624,
            16.445235415789476
          ],
          [
            19.369595047368424,
            16.817538294736842,
            6.426593368421054,
            -2.5185146421052624,
            11.155316431578946,
            -13.119185678947368
          ],
          [
            -20.005031134210522,
            -31.62375014210526,
            22.04824321052632,
            16.445235415789476,
            -13.119185678947368,
            52.40473444999999
          ]
        ],
        "sheet_id": 1
      },
      {
        "label": "H2",
        "type": "H",
        "chain_id": "A",
        "start": 0,
        "end": 0,
        "color": "s586",
        "color_hex": "#83FF00",
        "rainbow": "s244",
        "rainbow_hex": "#0076FF",
        "found_in": 20,
        "occurrence": 1.0,
        "start_vector": [
          11.7122,
          6.604499999999999,
          3.09215
        ],
        "end_vector": [
          15.528800000000004,
          -4.210650000000001,
          0.3140999999999999
        ],
        "variance": 217.72913212105271,
        "covariance": [
          [
            2.208812168421053,
            3.3223333157894737,
            -2.163583136842104,
            3.0479867789473674,
            2.981265189473684,
            -0.49479481052631474
          ],
          [
            3.3223333157894737,
            7.729860473684214,
            -19.23261597368421,
            8.366159526315789,
            12.533647657894736,
            -14.405950052631582
          ],
          [
            -2.163583136842104,
            -19.23261597368421,
            98.63928487105268,
            -25.023129810526317,
            -51.029287318421055,
            83.46073698421054
          ],
          [
            3.0479867789473674,
            8.366159526315789,
            -25.023129810526317,
            9.47077511578947,
            15.22645338947368,
            -19.495029347368426
          ],
          [
            2.981265189473684,
            12.533647657894736,
            -51.029287318421055,
            15.22645338947368,
            28.100623713157898,
            -41.97012466842105
          ],
          [
            -0.49479481052631474,
            -14.405950052631582,
            83.46073698421054,
            -19.495029347368426,
            -41.97012466842105,
            71.57977577894741
          ]
        ]
      },
      {
        "label": "H3",
        "type": "H",
        "chain_id": "A",
        "start": 0,
        "end": 0,
        "color": "s879",
        "color_hex": "#FF0045",
        "rainbow": "s307",
        "rainbow_hex": "#00D6FF",
        "found_in": 20,
        "occurrence": 1.0,
        "start_vector": [
          19.427000000000003,
          1.16215,
          -5.978949999999999
        ],
        "end_vector": [
          9.423149999999998,
          10.690150000000001,
          -4.2802
        ],
        "variance": 54.86209146315789,
        "covariance": [
          [
            0.9079265263157895,
            -0.33884431578947316,
            0.7036635263157887,
            -0.0035456842105266494,
            -0.8165234210526311,
            0.026807105263156696
          ],
          [
            -0.33884431578947316,
            1.466417713157895,
            -5.266652113157895,
            -0.7500330763157893,
            0.4648291868421051,
            -5.242701178947367
          ],
          [
            0.7036635263157887,
            -5.266652113157895,
            24.572463628947364,
            3.609692728947368,
            0.3711929394736843,
            24.766081484210527
          ],
          [
            -0.0035456842105266494,
            -0.7500330763157893,
            3.609692728947368,
            0.6574708710526316,
            0.18356402894736862,
            3.8493350842105256
          ],
          [
            -0.8165234210526311,
            0.4648291868421051,
            0.3711929394736843,
            0.18356402894736862,
            1.4104638184210518,
            0.846465347368421
          ],
          [
            0.026807105263156696,
            -5.242701178947367,
            24.766081484210527,
            3.8493350842105256,
            0.846465347368421,
            25.847348905263154
          ]
        ]
      },
      {
        "label": "E4",
        "type": "E",
        "chain_id": "A",
        "start": 0,
        "end": 0,
        "color": "s173",
        "color_hex": "#0009FF",
        "rainbow": "s340",
        "rainbow_hex": "#00FFF4",
        "found_in": 1,
        "occurrence": 0.05,
        "start_vector": [
          7.916,
          17.8,
          -1.728
        ],
        "end_vector": [
          24.769,
          30.105,
          17.539
        ],
        "variance": 0.0,
        "covariance": [
          [
            0.0,
            0.0,
            0.0,
            0.0,
            0.0,
            0.0
          ],
          [
            0.0,
            0.0,
            0.0,
            0.0,
            0.0,
            0.0
          ],
          [
            0.0,
            0.0,
            0.0,
            0.0,
            0.0,
            0.0
          ],
          [
            0.0,
            0.0,
            0.0,
            0.0,
            0.0,
            0.0
          ],
          [
            0.0,
            0.0,
            0.0,
            0.0,
            0.0,
            0.0
          ],
          [
            0.0,
            0.0,
            0.0,
            0.0,
            0.0,
            0.0
          ]
        ],
        "sheet_id": 1
      },
      {
        "label": "E5",
        "type": "E",
        "chain_id": "A",
        "start": 0,
        "end": 0,
        "color": "s466",
        "color_hex": "#00FF34",
        "rainbow": "s371",
        "rainbow_hex": "#00FFC5",
        "found_in": 19,
        "occurrence": 0.95,
        "start_vector": [
          1.5774210526315788,
          10.370315789473684,
          -4.112526315789474
        ],
        "end_vector": [
          -16.514684210526315,
          -1.8529999999999998,
          -6.781842105263159
        ],
        "variance": 128.6773055614035,
        "covariance": [
          [
            41.94825936842105,
            24.418914248538012,
            30.69083845614035,
            35.02119680409356,
            24.671459111111112,
            13.609771540935672
          ],
          [
            24.418914248538012,
            14.255383783625732,
            17.935360453216376,
            20.32956567251462,
            14.28712922222222,
            7.838309614035087
          ],
          [
            30.69083845614035,
            17.935360453216376,
            22.806949707602346,
            25.57579106432748,
            17.971879777777776,
            9.356407087719294
          ],
          [
            35.02119680409356,
            20.32956567251462,
            25.57579106432748,
            29.40245578362573,
            20.77174172222222,
            11.382996558479528
          ],
          [
            24.671459111111112,
            14.28712922222222,
            17.971879777777776,
            20.77174172222222,
            14.739646666666667,
            8.041046833333333
          ],
          [
            13.609771540935672,
            7.838309614035087,
            9.356407087719294,
            11.382996558479528,
            8.041046833333333,
            5.524610251461987
          ]
        ],
        "sheet_id": 1
      },
      {
        "label": "E6",
        "type": "E",
        "chain_id": "A",
        "start": 0,
        "end": 0,
        "color": "s759",
        "color_hex": "#FF7100",
        "rainbow": "s432",
        "rainbow_hex": "#00FF68",
        "found_in": 20,
        "occurrence": 1.0,
        "start_vector": [
          -13.19195,
          -5.174300000000001,
          -6.5944
        ],
        "end_vector": [
          2.8490499999999996,
          8.288149999999998,
          -9.7679
        ],
        "variance": 126.84147848684213,
        "covariance": [
          [
            18.170364365789474,
            20.601820278947365,
            -17.998862189473687,
            2.384359786842105,
            24.188090939473685,
            -10.075998478947369
          ],
          [
            20.601820278947365,
            27.95954106315789,
            -20.541347442105256,
            2.8731440684210514,
            37.36608452105263,
            -14.0721416
          ],
          [
            -17.998862189473687,
            -20.541347442105256,
            18.397734884210532,
            -2.4284163473684215,
            -23.89088709473685,
            9.760148884210528
          ],
          [
            2.384359786842105,
            2.8731440684210514,
            -2.4284163473684215,
            0.7031077342105263,
            3.647064571052631,
            -1.470638478947368
          ],
          [
            24.188090939473685,
            37.36608452105263,
            -23.89088709473685,
            3.647064571052631,
            54.3064102394737,
            -19.409826647368416
          ],
          [
            -10.075998478947369,
            -14.0721416,
            9.760148884210528,
            -1.470638478947368,
            -19.409826647368416,
            7.3043202
          ]
        ],
        "sheet_id": 1
      },
      {
        "label": "E7",
        "type": "E",
        "chain_id": "A",
        "start": 0,
        "end": 0,
        "color": "s053",
        "color_hex": "#AD00FF",
        "rainbow": "s495",
        "rainbow_hex": "#00FF07",
        "found_in": 20,
        "occurrence": 1.0,
        "start_vector": [
          3.8581500000000006,
          3.5986,
          -12.436850000000002
        ],
        "end_vector": [
          -10.036800000000001,
          -7.915100000000001,
          -5.6591000000000005
        ],
        "variance": 135.7615310894737,
        "covariance": [
          [
            4.697975292105264,
            13.610866957894737,
            -4.776638655263158,
            4.833432915789474,
            8.26228527894737,
            -4.1111874578947365
          ],
          [
            13.610866957894737,
            67.0441506736842,
            -19.564791042105263,
            29.921315452631585,
            45.32011585263157,
            -24.1880414631579
          ],
          [
            -4.776638655263158,
            -19.564791042105263,
            6.895188765789475,
            -7.540751031578945,
            -12.830734089473685,
            6.185279647368421
          ],
          [
            4.833432915789474,
            29.921315452631585,
            -7.540751031578945,
            14.892469536842109,
            21.262826231578952,
            -11.966170399999998
          ],
          [
            8.26228527894737,
            45.32011585263157,
            -12.830734089473685,
            21.262826231578952,
            32.51093577894737,
            -17.37931511578948
          ],
          [
            -4.1111874578947365,
            -24.1880414631579,
            6.185279647368421,
            -11.966170399999998,
            -17.37931511578948,
            9.720811042105264
          ]
        ],
        "sheet_id": 1
      },
      {
        "label": "E8",
        "type": "E",
        "chain_id": "A",
        "start": 0,
        "end": 0,
        "color": "s346",
        "color_hex": "#00FFEB",
        "rainbow": "s558",
        "rainbow_hex": "#58FF00",
        "found_in": 20,
        "occurrence": 1.0,
        "start_vector": [
          -4.7186,
          -14.001650000000001,
          -4.51365
        ],
        "end_vector": [
          4.52075,
          -7.183999999999999,
          -8.149
        ],
        "variance": 12.108102613157893,
        "covariance": [
          [
            4.349900778947369,
            -2.836887252631579,
            -3.778138989473685,
            -0.5579223684210526,
            1.0492143684210529,
            2.3497906315789474
          ],
          [
            -2.836887252631579,
            2.495401923684211,
            2.6490309763157898,
            0.4571901973684209,
            -0.738705210526316,
            -1.8194578421052627
          ],
          [
            -3.778138989473685,
            2.6490309763157898,
            3.3791461342105262,
            0.526081407894737,
            -0.9649194736842106,
            -2.133464473684211
          ],
          [
            -0.5579223684210526,
            0.4571901973684209,
            0.526081407894737,
            0.1321816710526316,
            -0.1896901578947369,
            -0.3711532105263157
          ],
          [
            1.0492143684210529,
            -0.738705210526316,
            -0.9649194736842106,
            -0.1896901578947369,
            0.3308858947368421,
            0.6244438947368424
          ],
          [
            2.3497906315789474,
            -1.8194578421052627,
            -2.133464473684211,
            -0.3711532105263157,
            0.6244438947368424,
            1.4205862105263154
          ]
        ],
        "sheet_id": 1
      },
      {
        "label": "E9",
        "type": "E",
        "chain_id": "A",
        "start": 0,
        "end": 0,
        "color": "s639",
        "color_hex": "#D4FF00",
        "rainbow": "s590",
        "rainbow_hex": "#89FF00",
        "found_in": 1,
        "occurrence": 0.05,
        "start_vector": [
          7.332,
          -11.772,
          -5.859
        ],
        "end_vector": [
          -2.472,
          -12.48,
          -0.431
        ],
        "variance": 0.0,
        "covariance": [
          [
            0.0,
            0.0,
            0.0,
            0.0,
            0.0,
            0.0
          ],
          [
            0.0,
            0.0,
            0.0,
            0.0,
            0.0,
            0.0
          ],
          [
            0.0,
            0.0,
            0.0,
            0.0,
            0.0,
            0.0
          ],
          [
            0.0,
            0.0,
            0.0,
            0.0,
            0.0,
            0.0
          ],
          [
            0.0,
            0.0,
            0.0,
            0.0,
            0.0,
            0.0
          ],
          [
            0.0,
            0.0,
            0.0,
            0.0,
            0.0,
            0.0
          ]
        ],
        "sheet_id": 1
      },
      {
        "label": "E10",
        "type": "E",
        "chain_id": "A",
        "start": 0,
        "end": 0,
        "color": "s933",
        "color_hex": "#FF0098",
        "rainbow": "s623",
        "rainbow_hex": "#BCFF00",
        "found_in": 20,
        "occurrence": 1.0,
        "start_vector": [
          5.3942,
          -12.8723,
          -6.849799999999999
        ],
        "end_vector": [
          -13.18795,
          -6.0859499999999995,
          9.120650000000001
        ],
        "variance": 10.558736055263157,
        "covariance": [
          [
            5.523836589473684,
            -1.3124269368421049,
            -3.1987628315789474,
            -0.3749905368421053,
            -0.8636744842105261,
            0.20140038947368458
          ],
          [
            -1.3124269368421049,
            0.3404137999999997,
            0.7287865368421053,
            0.1178141210526315,
            0.19582759473684197,
            -0.03948058421052662
          ],
          [
            -3.1987628315789474,
            0.7287865368421053,
            2.9747733263157894,
            -0.10468064210526308,
            0.038939884210526216,
            -1.1699627684210527
          ],
          [
            -0.3749905368421053,
            0.1178141210526315,
            -0.10468064210526308,
            0.17047805000000002,
            0.14859357631578948,
            0.24094238684210534
          ],
          [
            -0.8636744842105261,
            0.19582759473684197,
            0.038939884210526216,
            0.14859357631578948,
            0.3785964710526315,
            0.4629733342105262
          ],
          [
            0.20140038947368458,
            -0.03948058421052662,
            -1.1699627684210527,
            0.24094238684210534,
            0.4629733342105262,
            1.1706378184210526
          ]
        ],
        "sheet_id": 1
      },
      {
        "label": "E11",
        "type": "E",
        "chain_id": "A",
        "start": 0,
        "end": 0,
        "color": "s226",
        "color_hex": "#005AFF",
        "rainbow": "s686",
        "rainbow_hex": "#FFE100",
        "found_in": 20,
        "occurrence": 1.0,
        "start_vector": [
          -10.49895,
          -0.43825000000000003,
          7.6629000000000005
        ],
        "end_vector": [
          7.502600000000001,
          -15.0536,
          -0.48260000000000003
        ],
        "variance": 2.5263580473684204,
        "covariance": [
          [
            0.2489147868421054,
            -0.1612534605263159,
            0.2853296368421052,
            -0.10398782105263155,
            0.058930715789473724,
            -0.025734652631578942
          ],
          [
            -0.1612534605263159,
            0.16489346052631582,
            0.03872607894736841,
            0.006779842105263179,
            0.00661947368421052,
            -0.029601473684210528
          ],
          [
            0.2853296368421052,
            0.03872607894736841,
            1.7497148315789468,
            -0.5012563052631578,
            0.3637359368421052,
            -0.30359722105263154
          ],
          [
            -0.10398782105263155,
            0.006779842105263179,
            -0.5012563052631578,
            0.16698309473684203,
            -0.08486867368421049,
            0.07324543157894733
          ],
          [
            0.058930715789473724,
            0.00661947368421052,
            0.3637359368421052,
            -0.08486867368421049,
            0.11085446315789467,
            -0.08953358947368419
          ],
          [
            -0.025734652631578942,
            -0.029601473684210528,
            -0.30359722105263154,
            0.07324543157894733,
            -0.08953358947368419,
            0.08499741052631579
          ]
        ],
        "sheet_id": 1
      },
      {
        "label": "E12",
        "type": "E",
        "chain_id": "A",
        "start": 0,
        "end": 0,
        "color": "s519",
        "color_hex": "#1DFF00",
        "rainbow": "s749",
        "rainbow_hex": "#FF8100",
        "found_in": 20,
        "occurrence": 1.0,
        "start_vector": [
          8.152800000000001,
          -15.142199999999999,
          3.5853500000000005
        ],
        "end_vector": [
          -9.884649999999999,
          9.6369,
          8.96805
        ],
        "variance": 3.9746531710526316,
        "covariance": [
          [
            0.013207642105263186,
            0.004166536842105261,
            -0.00487087368421051,
            -0.014296557894736736,
            0.02029266315789454,
            -0.010110831578947252
          ],
          [
            0.004166536842105261,
            0.02021543157894736,
            -0.021909189473684188,
            -0.040603610526315684,
            0.061813978947368335,
            -0.04613498947368405
          ],
          [
            -0.00487087368421051,
            -0.021909189473684188,
            0.03898129210526316,
            0.08512450263157896,
            -0.12398812105263166,
            0.10292219210526321
          ],
          [
            -0.014296557894736736,
            -0.040603610526315684,
            0.08512450263157896,
            0.8040280289473684,
            -1.1668653315789472,
            1.0278579289473682
          ],
          [
            0.02029266315789454,
            0.061813978947368335,
            -0.12398812105263166,
            -1.1668653315789472,
            1.750429568421052,
            -1.4861376263157895
          ],
          [
            -0.010110831578947252,
            -0.04613498947368405,
            0.10292219210526321,
            1.0278579289473682,
            -1.4861376263157895,
            1.3477912078947372
          ]
        ],
        "sheet_id": 1
      },
      {
        "label": "E13",
        "type": "E",
        "chain_id": "A",
        "start": 0,
        "end": 0,
        "color": "s813",
        "color_hex": "#FF1F00",
        "rainbow": "s810",
        "rainbow_hex": "#FF2300",
        "found_in": 19,
        "occurrence": 0.95,
        "start_vector": [
          -8.33178947368421,
          11.583421052631579,
          5.0096842105263155
        ],
        "end_vector": [
          8.511473684210525,
          -6.08136842105263,
          8.789526315789473
        ],
        "variance": 0.819887432748538,
        "covariance": [
          [
            0.017246953216374237,
            0.009831017543859625,
            -0.011126263157894724,
            -0.012722883040935731,
            -0.026121751461988238,
            0.015129494152046763
          ],
          [
            0.009831017543859625,
            0.028639590643274794,
            -0.013144970760233906,
            -0.04445659941520453,
            -0.0036190029239766713,
            -0.002620289473684195
          ],
          [
            -0.011126263157894724,
            -0.013144970760233906,
            0.061289228070175436,
            -0.03704461988304093,
            0.10091804385964906,
            -0.040740324561403564
          ],
          [
            -0.012722883040935731,
            -0.04445659941520453,
            -0.03704461988304093,
            0.32380726315789476,
            -0.2501568157894737,
            0.06180290350877197
          ],
          [
            -0.026121751461988238,
            -0.0036190029239766713,
            0.10091804385964906,
            -0.2501568157894737,
            0.34011113450292396,
            -0.09562229532163753
          ],
          [
            0.015129494152046763,
            -0.002620289473684195,
            -0.040740324561403564,
            0.06180290350877197,
            -0.09562229532163753,
            0.0487932631578948
          ]
        ],
        "sheet_id": 1
      },
      {
        "label": "E14",
        "type": "E",
        "chain_id": "A",
        "start": 0,
        "end": 0,
        "color": "s106",
        "color_hex": "#5C00FF",
        "rainbow": "s870",
        "rainbow_hex": "#FF0038",
        "found_in": 19,
        "occurrence": 0.95,
        "start_vector": [
          10.419789473684212,
          -1.468,
          12.66163157894737
        ],
        "end_vector": [
          -7.398736842105262,
          15.696210526315793,
          -1.3088947368421049
        ],
        "variance": 1.9756865672514619,
        "covariance": [
          [
            0.1530281754385966,
            -0.21120455555555556,
            0.0744321403508772,
            0.05081889181286538,
            -0.005105342105263076,
            0.06788891228070154
          ],
          [
            -0.21120455555555556,
            0.39092266666666664,
            -0.17801094444444437,
            -0.07035288888888892,
            -0.05238638888888883,
            -0.0030086666666666716
          ],
          [
            0.0744321403508772,
            -0.17801094444444437,
            0.16375780116959068,
            -0.10427195321637435,
            0.13289013742690053,
            -0.2173893479532165
          ],
          [
            0.05081889181286538,
            -0.07035288888888892,
            -0.10427195321637435,
            0.36999431578947367,
            -0.25769905847953206,
            0.4318420263157894
          ],
          [
            -0.005105342105263076,
            -0.05238638888888883,
            0.13289013742690053,
            -0.25769905847953206,
            0.2415577309941517,
            -0.35313996783625695
          ],
          [
            0.06788891228070154,
            -0.0030086666666666716,
            -0.2173893479532165,
            0.4318420263157894,
            -0.35313996783625695,
            0.6564258771929825
          ]
        ],
        "sheet_id": 1
      }
    ],
    "beta_connectivity": [
      [
        "E1",
        "E4",
        -1
      ],
      [
        "E1",
        "E5",
        -1
      ],
      [
        "E1",
        "E14",
        -1
      ],
      [
        "E5",
        "E6",
        -1
      ],
      [
        "E6",
        "E7",
        -1
      ],
      [
        "E8",
        "E9",
        -1
      ],
      [
        "E8",
        "E10",
        -1
      ],
      [
        "E10",
        "E11",
        -1
      ],
      [
        "E11",
        "E12",
        -1
      ],
      [
        "E12",
        "E13",
        -1
      ],
      [
        "E13",
        "E14",
        -1
      ]
    ]
  }
}
