{
    "consensus": {
        "secondary_structure_elements": [
            {
                "label": "E0",
                "type": "E",
                "chain_id": "A",
                "start": 0,
                "end": 0,
                "color": "s000",
                "found_in": 16,
                "occurrence": 0.064,
                "start_vector": [
                    37.757547125,
                    30.7476046875,
                    338.2669913125
                ],
                "end_vector": [
                    41.6474581875,
                    36.592377875,
                    337.5006558125
                ],
                "variance": 10.012850120247819,
                "covariance": [
                    [
                        1.3229993377473166,
                        0.20555056061597587,
                        0.6029542223764249,
                        2.225396318822441,
                        1.3595452439700824,
                        0.3770250846986265
                    ],
                    [
                        0.20555056061597587,
                        1.0220996739463624,
                        0.16221946049683528,
                        -0.2932817261826697,
                        0.24802486430695805,
                        0.251318931934938
                    ],
                    [
                        0.6029542223764249,
                        0.16221946049683528,
                        0.4073643627224936,
                        1.0974862401224734,
                        0.7746199066779085,
                        0.26627810831433235
                    ],
                    [
                        2.225396318822441,
                        -0.2932817261826697,
                        1.0974862401224734,
                        4.737237820960163,
                        2.9645091998314252,
                        0.44948083693184265
                    ],
                    [
                        1.3595452439700824,
                        0.24802486430695805,
                        0.7746199066779085,
                        2.9645091998314252,
                        2.264554201801183,
                        0.3093061392546469
                    ],
                    [
                        0.3770250846986265,
                        0.251318931934938,
                        0.26627810831433235,
                        0.44948083693184265,
                        0.3093061392546469,
                        0.25859472307030057
                    ]
                ],
                "sheet_id": 1
            },
            {
                "label": "E1",
                "type": "E",
                "chain_id": "A",
                "start": 0,
                "end": 0,
                "color": "s293",
                "found_in": 16,
                "occurrence": 0.064,
                "start_vector": [
                    42.2636231875,
                    35.0511855,
                    332.9920621875
                ],
                "end_vector": [
                    39.51033925,
                    28.722646625000003,
                    334.20826762499996
                ],
                "variance": 8.663511518660222,
                "covariance": [
                    [
                        3.4648903920825638,
                        3.0620699874543,
                        0.013927762116356624,
                        1.7454385026387502,
                        0.024594033741206903,
                        0.8381187427463391
                    ],
                    [
                        3.0620699874543,
                        3.0125842949153347,
                        -0.041026059826505534,
                        1.3642345060827328,
                        0.11076809633546636,
                        0.7420229398557966
                    ],
                    [
                        0.013927762116356624,
                        -0.041026059826505534,
                        0.10781705392588989,
                        0.06547167114587737,
                        0.06505362470680241,
                        0.08825204635700543
                    ],
                    [
                        1.7454385026387502,
                        1.3642345060827328,
                        0.06547167114587737,
                        1.1025837704684671,
                        0.22855516741690027,
                        0.40495320658229833
                    ],
                    [
                        0.024594033741206903,
                        0.11076809633546636,
                        0.06505362470680241,
                        0.22855516741690027,
                        0.6803214770725163,
                        -0.008825372587284446
                    ],
                    [
                        0.8381187427463391,
                        0.7420229398557966,
                        0.08825204635700543,
                        0.40495320658229833,
                        -0.008825372587284446,
                        0.2953145301954493
                    ]
                ],
                "sheet_id": 1
            },
            {
                "label": "H2",
                "type": "H",
                "chain_id": "A",
                "start": 0,
                "end": 0,
                "color": "s586",
                "found_in": 3,
                "occurrence": 0.012,
                "start_vector": [
                    39.49899466666667,
                    26.42297533333333,
                    343.1317706666667
                ],
                "end_vector": [
                    41.19562366666667,
                    25.502547333333336,
                    344.523146
                ],
                "variance": 42.60293600312367,
                "covariance": [
                    [
                        14.434084067552357,
                        4.650604396552667,
                        -0.02813207844913509,
                        2.9612508044668417,
                        -0.5660904061628301,
                        -18.06294598019102
                    ],
                    [
                        4.650604396552667,
                        1.5429898798743302,
                        0.033585080638176334,
                        1.1709575173391675,
                        -0.1278397295521654,
                        -5.504524034031
                    ],
                    [
                        -0.02813207844913509,
                        0.033585080638176334,
                        0.04085335393633251,
                        0.2016732303128386,
                        0.053288560976665074,
                        0.3368093324759551
                    ],
                    [
                        2.9612508044668417,
                        1.1709575173391675,
                        0.2016732303128386,
                        1.662296965450342,
                        0.14920449992616844,
                        -2.172193882965019
                    ],
                    [
                        -0.5660904061628301,
                        -0.1278397295521654,
                        0.053288560976665074,
                        0.14920449992616844,
                        0.08895147011433331,
                        1.094192125937993
                    ],
                    [
                        -18.06294598019102,
                        -5.504524034031,
                        0.3368093324759551,
                        -2.172193882965019,
                        1.094192125937993,
                        24.833760266195974
                    ]
                ]
            },
            {
                "label": "H3",
                "type": "H",
                "chain_id": "A",
                "start": 0,
                "end": 0,
                "color": "s879",
                "found_in": 27,
                "occurrence": 0.108,
                "start_vector": [
                    47.66323296296296,
                    33.191372962962966,
                    333.9374836666667
                ],
                "end_vector": [
                    50.30354211111112,
                    30.010133407407405,
                    335.2722597407407
                ],
                "variance": 43.86854248180201,
                "covariance": [
                    [
                        5.743326531303958,
                        0.23630650853876767,
                        3.0327003838821005,
                        5.547945354868156,
                        2.019064542127977,
                        -3.696688332529096
                    ],
                    [
                        0.23630650853876767,
                        4.822182515629346,
                        -2.9325926422096176,
                        -7.101252840168496,
                        4.047923889418979,
                        -1.4229611617493139
                    ],
                    [
                        3.0327003838821005,
                        -2.9325926422096176,
                        4.167622454257832,
                        7.151009776474554,
                        -1.4884703098237384,
                        -0.549937423602633
                    ],
                    [
                        5.547945354868156,
                        -7.101252840168496,
                        7.151009776474554,
                        18.38238843474541,
                        -3.2222635840168947,
                        -3.4614854864388285
                    ],
                    [
                        2.019064542127977,
                        4.047923889418979,
                        -1.4884703098237384,
                        -3.2222635840168947,
                        5.035026715731637,
                        -3.938835987709774
                    ],
                    [
                        -3.696688332529096,
                        -1.4229611617493139,
                        -0.549937423602633,
                        -3.4614854864388285,
                        -3.938835987709774,
                        5.717995830133825
                    ]
                ]
            },
            {
                "label": "H4",
                "type": "H",
                "chain_id": "A",
                "start": 0,
                "end": 0,
                "color": "s173",
                "found_in": 54,
                "occurrence": 0.216,
                "start_vector": [
                    48.92682101851852,
                    25.63761314814815,
                    333.3573333518518
                ],
                "end_vector": [
                    46.5589310925926,
                    20.02826444444445,
                    333.10025287037047
                ],
                "variance": 112.19875163687134,
                "covariance": [
                    [
                        38.6960288391824,
                        -0.9886300301732657,
                        -10.184499037564416,
                        20.52190080894519,
                        -7.578870001473554,
                        -17.612637159825148
                    ],
                    [
                        -0.9886300301732657,
                        25.905295170441335,
                        -3.370662804864034,
                        1.7823373514745346,
                        8.289749085644479,
                        1.7230318411464756
                    ],
                    [
                        -10.184499037564416,
                        -3.370662804864034,
                        7.964645936319682,
                        -8.34161470364063,
                        -2.9104301244425583,
                        5.132858917496215
                    ],
                    [
                        20.52190080894519,
                        1.7823373514745346,
                        -8.34161470364063,
                        14.378988219822688,
                        -2.1621304793743232,
                        -11.49398496423153
                    ],
                    [
                        -7.578870001473554,
                        8.289749085644479,
                        -2.9104301244425583,
                        -2.1621304793743232,
                        10.286837289911348,
                        4.782841726491231
                    ],
                    [
                        -17.612637159825148,
                        1.7230318411464756,
                        5.132858917496215,
                        -11.49398496423153,
                        4.782841726491231,
                        14.966956181193877
                    ]
                ]
            },
            {
                "label": "E5",
                "type": "E",
                "chain_id": "A",
                "start": 0,
                "end": 0,
                "color": "s466",
                "found_in": 10,
                "occurrence": 0.04,
                "start_vector": [
                    46.9185951,
                    22.1474275,
                    336.4743868
                ],
                "end_vector": [
                    47.33573500000001,
                    19.554200499999997,
                    335.73063169999995
                ],
                "variance": 6.27100462229084,
                "covariance": [
                    [
                        0.6856983509956549,
                        0.25185840983027635,
                        -0.04409419293096916,
                        0.7981870422072218,
                        0.15973581417549745,
                        -0.015037316531079911
                    ],
                    [
                        0.25185840983027635,
                        1.1168429220069456,
                        0.06485801257000887,
                        -0.12384418565277741,
                        1.7827646276930558,
                        0.4476562742952743
                    ],
                    [
                        -0.04409419293096916,
                        0.06485801257000887,
                        0.0296963325868447,
                        -0.06777939013110215,
                        0.09902728631178777,
                        0.046081538637825784
                    ],
                    [
                        0.7981870422072218,
                        -0.12384418565277741,
                        -0.06777939013110215,
                        1.1498183800277755,
                        -0.5969482241027767,
                        -0.21539514167166526
                    ],
                    [
                        0.15973581417549745,
                        1.7827646276930558,
                        0.09902728631178777,
                        -0.5969482241027767,
                        3.071477206446943,
                        0.7809170046696028
                    ],
                    [
                        -0.015037316531079911,
                        0.4476562742952743,
                        0.046081538637825784,
                        -0.21539514167166526,
                        0.7809170046696028,
                        0.2174714302266763
                    ]
                ],
                "sheet_id": 2
            },
            {
                "label": "H6",
                "type": "H",
                "chain_id": "A",
                "start": 0,
                "end": 0,
                "color": "s759",
                "found_in": 232,
                "occurrence": 0.928,
                "start_vector": [
                    49.08436699137931,
                    17.004595655172416,
                    330.3250217715517
                ],
                "end_vector": [
                    55.41188768103448,
                    26.019482676724135,
                    289.9351063189655
                ],
                "variance": 45.894485885980565,
                "covariance": [
                    [
                        3.777609961634747,
                        -0.6168561939007,
                        -0.7069227124418191,
                        -1.4928164034446565,
                        -0.31312835242997217,
                        -0.6633500166053776
                    ],
                    [
                        -0.6168561939007,
                        14.558983875633134,
                        -4.47170372976337,
                        -0.4024747352489076,
                        -12.175794894553297,
                        3.5343551153461847
                    ],
                    [
                        -0.7069227124418191,
                        -4.47170372976337,
                        9.050328483663241,
                        -0.05673864163382516,
                        2.375223631785876,
                        -1.0135332838795956
                    ],
                    [
                        -1.4928164034446565,
                        -0.4024747352489076,
                        -0.05673864163382516,
                        1.3627993049762621,
                        0.7371987129707671,
                        -0.1609323337741403
                    ],
                    [
                        -0.31312835242997217,
                        -12.175794894553297,
                        2.375223631785876,
                        0.7371987129707671,
                        11.992535186401863,
                        -4.405675494465193
                    ],
                    [
                        -0.6633500166053776,
                        3.5343551153461847,
                        -1.0135332838795956,
                        -0.1609323337741403,
                        -4.405675494465193,
                        5.152229073671315
                    ]
                ]
            },
            {
                "label": "H7",
                "type": "H",
                "chain_id": "A",
                "start": 0,
                "end": 0,
                "color": "s053",
                "found_in": 79,
                "occurrence": 0.316,
                "start_vector": [
                    53.31579664556962,
                    28.502009632911395,
                    286.35638026582274
                ],
                "end_vector": [
                    48.78690397468355,
                    31.55578481012659,
                    287.58042186075954
                ],
                "variance": 17.2904871286937,
                "covariance": [
                    [
                        3.7337052281080525,
                        -0.35923448990641377,
                        0.5215612001583748,
                        1.757410108903645,
                        0.27903560566574,
                        -0.788362733748968
                    ],
                    [
                        -0.35923448990641377,
                        2.3625179278276196,
                        -1.3989408886705916,
                        0.22175943259246483,
                        2.3385023535549947,
                        -0.01353114577902495
                    ],
                    [
                        0.5215612001583748,
                        -1.3989408886705916,
                        3.3561992574345823,
                        0.7661730227662371,
                        -1.5120618781175497,
                        1.7100584702124106
                    ],
                    [
                        1.757410108903645,
                        0.22175943259246483,
                        0.7661730227662371,
                        1.7034380002591782,
                        0.34181539580203324,
                        -0.1375629992895271
                    ],
                    [
                        0.27903560566574,
                        2.3385023535549947,
                        -1.5120618781175497,
                        0.34181539580203324,
                        3.2101232205303107,
                        0.4001773447713849
                    ],
                    [
                        -0.788362733748968,
                        -0.01353114577902495,
                        1.7100584702124106,
                        -0.1375629992895271,
                        0.4001773447713849,
                        2.924503494533959
                    ]
                ]
            },
            {
                "label": "H8",
                "type": "H",
                "chain_id": "A",
                "start": 0,
                "end": 0,
                "color": "s346",
                "found_in": 233,
                "occurrence": 0.932,
                "start_vector": [
                    46.57205023175965,
                    33.068920347639484,
                    287.5218954763949
                ],
                "end_vector": [
                    53.93886952789699,
                    26.883554017167384,
                    327.2960762918455
                ],
                "variance": 30.9705240594729,
                "covariance": [
                    [
                        1.9031161847215246,
                        -1.614349091711878,
                        -0.8537425307952903,
                        0.09741220140761857,
                        1.0031535023938936,
                        0.32889800009160186
                    ],
                    [
                        -1.614349091711878,
                        4.557629911091223,
                        1.7198629845629756,
                        -1.4937842438089306,
                        -4.106799160883489,
                        3.5163286158507794
                    ],
                    [
                        -0.8537425307952903,
                        1.7198629845629756,
                        3.187256248162855,
                        -0.4032775965065519,
                        -1.914868107819913,
                        3.1863912966579
                    ],
                    [
                        0.09741220140761857,
                        -1.4937842438089306,
                        -0.4032775965065519,
                        1.9078287531327305,
                        1.1802152435480342,
                        -0.967286294637585
                    ],
                    [
                        1.0031535023938936,
                        -4.106799160883489,
                        -1.914868107819913,
                        1.1802152435480342,
                        4.737320234454955,
                        -5.588110172198003
                    ],
                    [
                        0.32889800009160186,
                        3.5163286158507794,
                        3.1863912966579,
                        -0.967286294637585,
                        -5.588110172198003,
                        14.677372727909612
                    ]
                ]
            },
            {
                "label": "H9",
                "type": "H",
                "chain_id": "A",
                "start": 0,
                "end": 0,
                "color": "s639",
                "found_in": 7,
                "occurrence": 0.028,
                "start_vector": [
                    53.82839857142857,
                    28.202477285714284,
                    315.86709457142854
                ],
                "end_vector": [
                    53.68694871428572,
                    22.028953142857144,
                    329.36132314285715
                ],
                "variance": 17.503657242315374,
                "covariance": [
                    [
                        1.250288708584287,
                        -1.5426934558593584,
                        1.8523520178389676,
                        1.6969664622241905,
                        -2.1118213227835945,
                        -0.031857365175924725
                    ],
                    [
                        -1.5426934558593584,
                        1.9473673364032384,
                        -2.2654637608120414,
                        -1.9211977968444052,
                        2.4340579040829535,
                        -0.003251683716549653
                    ],
                    [
                        1.8523520178389676,
                        -2.2654637608120414,
                        3.602624958439659,
                        3.3373304617173805,
                        -4.684882855615287,
                        0.21237016657924845
                    ],
                    [
                        1.6969664622241905,
                        -1.9211977968444052,
                        3.3373304617173805,
                        3.7236193371879076,
                        -4.868369736559955,
                        0.05465075716973812
                    ],
                    [
                        -2.1118213227835945,
                        2.4340579040829535,
                        -4.684882855615287,
                        -4.868369736559955,
                        6.83409497966581,
                        -0.2632075029365538
                    ],
                    [
                        -0.031857365175924725,
                        -0.003251683716549653,
                        0.21237016657924845,
                        0.05465075716973812,
                        -0.2632075029365538,
                        0.14566192203447442
                    ]
                ]
            },
            {
                "label": "E10",
                "type": "E",
                "chain_id": "A",
                "start": 0,
                "end": 0,
                "color": "s933",
                "found_in": 1,
                "occurrence": 0.004,
                "start_vector": [
                    56.112,
                    30.02,
                    321.521
                ],
                "end_vector": [
                    54.486,
                    31.692,
                    321.146
                ],
                "variance": 0.0,
                "covariance": [
                    [
                        0.0,
                        0.0,
                        0.0,
                        0.0,
                        0.0,
                        0.0
                    ],
                    [
                        0.0,
                        0.0,
                        0.0,
                        0.0,
                        0.0,
                        0.0
                    ],
                    [
                        0.0,
                        0.0,
                        0.0,
                        0.0,
                        0.0,
                        0.0
                    ],
                    [
                        0.0,
                        0.0,
                        0.0,
                        0.0,
                        0.0,
                        0.0
                    ],
                    [
                        0.0,
                        0.0,
                        0.0,
                        0.0,
                        0.0,
                        0.0
                    ],
                    [
                        0.0,
                        0.0,
                        0.0,
                        0.0,
                        0.0,
                        0.0
                    ]
                ],
                "sheet_id": 2
            },
            {
                "label": "H11",
                "type": "H",
                "chain_id": "A",
                "start": 0,
                "end": 0,
                "color": "s226",
                "found_in": 4,
                "occurrence": 0.016,
                "start_vector": [
                    55.060041,
                    30.14350275,
                    324.75755300000003
                ],
                "end_vector": [
                    51.5579295,
                    33.5601675,
                    326.8588615
                ],
                "variance": 14.205217901157248,
                "covariance": [
                    [
                        0.7529474112553372,
                        -0.7327121458153357,
                        0.12248601596632315,
                        0.4837212029283362,
                        -0.9138281369960005,
                        0.39971707681701174
                    ],
                    [
                        -0.7327121458153357,
                        1.2087390481769176,
                        -1.155106796832661,
                        -1.0587165912125027,
                        1.609759693736167,
                        -2.1664839186898375
                    ],
                    [
                        0.12248601596632315,
                        -1.155106796832661,
                        2.285811774162017,
                        1.2649702837786676,
                        -1.6586707560006622,
                        3.917899267358003
                    ],
                    [
                        0.4837212029283362,
                        -1.0587165912125027,
                        1.2649702837786676,
                        1.0260426653030035,
                        -1.439841528822337,
                        2.307069857933003
                    ],
                    [
                        -0.9138281369960005,
                        1.609759693736167,
                        -1.6586707560006622,
                        -1.439841528822337,
                        2.156454807246333,
                        -3.0746113404476736
                    ],
                    [
                        0.39971707681701174,
                        -2.1664839186898375,
                        3.917899267358003,
                        2.307069857933003,
                        -3.0746113404476736,
                        6.775222195013641
                    ]
                ]
            },
            {
                "label": "E12",
                "type": "E",
                "chain_id": "A",
                "start": 0,
                "end": 0,
                "color": "s519",
                "found_in": 131,
                "occurrence": 0.524,
                "start_vector": [
                    51.067831328244274,
                    34.54946801526717,
                    327.65476343511443
                ],
                "end_vector": [
                    41.43667334351145,
                    38.28000177862595,
                    335.5623176259542
                ],
                "variance": 30.735296900769335,
                "covariance": [
                    [
                        1.6873330466103613,
                        -0.5450269691647053,
                        -1.4532224729319292,
                        0.07417139482150258,
                        0.68362238390475,
                        0.3765051564078208
                    ],
                    [
                        -0.5450269691647053,
                        1.5738732999153848,
                        -0.07137866124018281,
                        -2.3132656296691505,
                        0.8385570224644732,
                        0.7620225495571304
                    ],
                    [
                        -1.4532224729319292,
                        -0.07137866124018281,
                        6.426666101654737,
                        5.767772876569673,
                        0.002836203273774729,
                        -1.326008818510664
                    ],
                    [
                        0.07417139482150258,
                        -2.3132656296691505,
                        5.767772876569673,
                        14.932090156098576,
                        -1.2132090041323615,
                        -6.168440629517856
                    ],
                    [
                        0.68362238390475,
                        0.8385570224644732,
                        0.002836203273774729,
                        -1.2132090041323615,
                        2.110455168185237,
                        1.0059983712677
                    ],
                    [
                        0.3765051564078208,
                        0.7620225495571304,
                        -1.326008818510664,
                        -6.168440629517856,
                        1.0059983712677,
                        4.004879128305039
                    ]
                ],
                "sheet_id": 3
            },
            {
                "label": "E13",
                "type": "E",
                "chain_id": "A",
                "start": 0,
                "end": 0,
                "color": "s813",
                "found_in": 18,
                "occurrence": 0.072,
                "start_vector": [
                    49.80480988888888,
                    27.73884483333333,
                    334.75866261111116
                ],
                "end_vector": [
                    53.67213255555555,
                    23.136389333333334,
                    339.2380115
                ],
                "variance": 102.4664714963003,
                "covariance": [
                    [
                        36.575265059930096,
                        -5.289400865921666,
                        -22.54012011901865,
                        13.434527457478474,
                        -21.305846073661847,
                        5.184318248460329
                    ],
                    [
                        -5.289400865921666,
                        1.5008850011441472,
                        2.6118970211248804,
                        -2.671011874084078,
                        5.381463232181765,
                        -2.185387998266209
                    ],
                    [
                        -22.54012011901865,
                        2.6118970211248804,
                        17.167679557181536,
                        -8.479919187776055,
                        8.83758956092488,
                        2.98619813196891
                    ],
                    [
                        13.434527457478474,
                        -2.671011874084078,
                        -8.479919187776055,
                        11.771992175820614,
                        -9.102248222491074,
                        1.149001545172134
                    ],
                    [
                        -21.305846073661847,
                        5.381463232181765,
                        8.83758956092488,
                        -9.102248222491074,
                        22.004353128254234,
                        -12.23445833705554
                    ],
                    [
                        5.184318248460329,
                        -2.185387998266209,
                        2.98619813196891,
                        1.149001545172134,
                        -12.23445833705554,
                        13.446296573969661
                    ]
                ],
                "sheet_id": 2
            },
            {
                "label": "H14",
                "type": "H",
                "chain_id": "A",
                "start": 0,
                "end": 0,
                "color": "s106",
                "found_in": 4,
                "occurrence": 0.016,
                "start_vector": [
                    53.89187175,
                    19.045562,
                    343.93992925
                ],
                "end_vector": [
                    50.6721845,
                    15.56134075,
                    343.99372650000004
                ],
                "variance": 2.108727364158103,
                "covariance": [
                    [
                        0.19548726074025016,
                        -0.19580380392833308,
                        -0.18859616050358602,
                        0.2886991420288334,
                        -0.24885594441174974,
                        -0.20491938156217007
                    ],
                    [
                        -0.19580380392833308,
                        0.2832905237206669,
                        0.25141936949667265,
                        -0.37151450810433384,
                        0.3777678915506664,
                        0.3109067846690042
                    ],
                    [
                        -0.18859616050358602,
                        0.25141936949667265,
                        0.2662268725315953,
                        -0.3540824080111744,
                        0.33254473785775807,
                        0.28530875314317605
                    ],
                    [
                        0.2886991420288334,
                        -0.37151450810433384,
                        -0.3540824080111744,
                        0.5110520610336676,
                        -0.4890389023408337,
                        -0.4073920545116723
                    ],
                    [
                        -0.24885594441174974,
                        0.3777678915506664,
                        0.33254473785775807,
                        -0.4890389023408337,
                        0.5062497251049154,
                        0.4167132479461714
                    ],
                    [
                        -0.20491938156217007,
                        0.3109067846690042,
                        0.28530875314317605,
                        -0.4073920545116723,
                        0.4167132479461714,
                        0.3464209210270076
                    ]
                ]
            },
            {
                "label": "E15",
                "type": "E",
                "chain_id": "A",
                "start": 0,
                "end": 0,
                "color": "s399",
                "found_in": 17,
                "occurrence": 0.068,
                "start_vector": [
                    50.99148835294118,
                    22.64220711764706,
                    340.355088117647
                ],
                "end_vector": [
                    49.17439376470588,
                    30.93596688235294,
                    337.8415354705882
                ],
                "variance": 66.26629355823589,
                "covariance": [
                    [
                        5.292128554736244,
                        -1.7262720779359813,
                        1.868753377800952,
                        -1.1568424192398479,
                        0.5431199802034196,
                        0.6591739025919517
                    ],
                    [
                        -1.7262720779359813,
                        34.32259774857562,
                        8.662579855042075,
                        -20.627882161194467,
                        13.599752446410077,
                        6.472301764706498
                    ],
                    [
                        1.868753377800952,
                        8.662579855042075,
                        3.663495900864956,
                        -6.8859831850600655,
                        4.138571066026687,
                        2.2460571539641196
                    ],
                    [
                        -1.1568424192398479,
                        -20.627882161194467,
                        -6.8859831850600655,
                        15.410515619477811,
                        -8.532831993982029,
                        -4.942747220910814
                    ],
                    [
