{
    "consensus": {
        "secondary_structure_elements": [
            {
                "label": "H0",
                "type": "H",
                "chain_id": "A",
                "start": 0,
                "end": 0,
                "color": "s000",
                "found_in": 5,
                "occurrence": 0.02,
                "start_vector": [
                    17.9958064,
                    29.883390400000003,
                    -13.3194728
                ],
                "end_vector": [
                    14.699815000000001,
                    27.201250199999997,
                    -13.2597336
                ],
                "variance": 109.4407197760928,
                "covariance": [
                    [
                        74.2097940069348,
                        6.518413653134299,
                        -22.6438414005171,
                        18.088315620127496,
                        -5.560680900331597,
                        18.5690215832878
                    ],
                    [
                        6.518413653134299,
                        4.609629344806302,
                        0.800371759409901,
                        2.8972737389877508,
                        0.3323839938899,
                        5.7150422998145505
                    ],
                    [
                        -22.6438414005171,
                        0.800371759409901,
                        12.628760528521202,
                        -2.8221171690705,
                        0.44488184132870007,
                        -2.26829797903235
                    ],
                    [
                        18.088315620127496,
                        2.8972737389877508,
                        -2.8221171690705,
                        5.7902860875804985,
                        -1.5667232272417495,
                        5.87899565241975
                    ],
                    [
                        -5.560680900331597,
                        0.3323839938899,
                        0.44488184132870007,
                        -1.5667232272417495,
                        2.796305251020699,
                        -1.688525543596599
                    ],
                    [
                        18.5690215832878,
                        5.7150422998145505,
                        -2.26829797903235,
                        5.87899565241975,
                        -1.688525543596599,
                        9.4059445572293
                    ]
                ]
            },
            {
                "label": "E1",
                "type": "E",
                "chain_id": "A",
                "start": 0,
                "end": 0,
                "color": "s293",
                "found_in": 1,
                "occurrence": 0.004,
                "start_vector": [
                    23.336,
                    1.221,
                    -29.364
                ],
                "end_vector": [
                    23.512,
                    3.168,
                    -27.838
                ],
                "variance": 0.0,
                "covariance": [
                    [
                        0.0,
                        0.0,
                        0.0,
                        0.0,
                        0.0,
                        0.0
                    ],
                    [
                        0.0,
                        0.0,
                        0.0,
                        0.0,
                        0.0,
                        0.0
                    ],
                    [
                        0.0,
                        0.0,
                        0.0,
                        0.0,
                        0.0,
                        0.0
                    ],
                    [
                        0.0,
                        0.0,
                        0.0,
                        0.0,
                        0.0,
                        0.0
                    ],
                    [
                        0.0,
                        0.0,
                        0.0,
                        0.0,
                        0.0,
                        0.0
                    ],
                    [
                        0.0,
                        0.0,
                        0.0,
                        0.0,
                        0.0,
                        0.0
                    ]
                ],
                "sheet_id": 1
            },
            {
                "label": "X2",
                "type": "X",
                "chain_id": "A",
                "start": 0,
                "end": 0,
                "color": "s586",
                "found_in": 0,
                "occurrence": 0.0,
                "start_vector": [
                    0.0,
                    0.0,
                    0.0
                ],
                "end_vector": [
                    0.0,
                    0.0,
                    0.0
                ],
                "variance": 0.0,
                "covariance": [
                    [
                        0.0,
                        0.0,
                        0.0,
                        0.0,
                        0.0,
                        0.0
                    ],
                    [
                        0.0,
                        0.0,
                        0.0,
                        0.0,
                        0.0,
                        0.0
                    ],
                    [
                        0.0,
                        0.0,
                        0.0,
                        0.0,
                        0.0,
                        0.0
                    ],
                    [
                        0.0,
                        0.0,
                        0.0,
                        0.0,
                        0.0,
                        0.0
                    ],
                    [
                        0.0,
                        0.0,
                        0.0,
                        0.0,
                        0.0,
                        0.0
                    ],
                    [
                        0.0,
                        0.0,
                        0.0,
                        0.0,
                        0.0,
                        0.0
                    ]
                ]
            },
            {
                "label": "H3",
                "type": "H",
                "chain_id": "A",
                "start": 0,
                "end": 0,
                "color": "s879",
                "found_in": 41,
                "occurrence": 0.164,
                "start_vector": [
                    3.2294761463414634,
                    26.141389682926828,
                    -17.53516653658537
                ],
                "end_vector": [
                    8.580147341463414,
                    26.151578024390247,
                    -17.341958585365855
                ],
                "variance": 46.053283772835506,
                "covariance": [
                    [
                        12.00339088916703,
                        5.054849442151721,
                        -0.4927214622599195,
                        8.211687188271622,
                        2.116358047435496,
                        -3.168238643868363
                    ],
                    [
                        5.054849442151721,
                        5.94505553301202,
                        1.9827742171046507,
                        4.994513450936061,
                        2.6226983031824824,
                        0.6426472618896589
                    ],
                    [
                        -0.4927214622599195,
                        1.9827742171046507,
                        9.707513506339806,
                        2.356742867061763,
                        1.0096545431408384,
                        6.662641897496804
                    ],
                    [
                        8.211687188271622,
                        4.994513450936061,
                        2.356742867061763,
                        8.571985486556931,
                        2.3289537685131663,
                        0.83463462007108
                    ],
                    [
                        2.116358047435496,
                        2.6226983031824824,
                        1.0096545431408384,
                        2.3289537685131663,
                        1.745712204265874,
                        -0.300157626616011
                    ],
                    [
                        -3.168238643868363,
                        0.6426472618896589,
                        6.662641897496804,
                        0.83463462007108,
                        -0.300157626616011,
                        8.079626153493848
                    ]
                ]
            },
            {
                "label": "H4",
                "type": "H",
                "chain_id": "A",
                "start": 0,
                "end": 0,
                "color": "s173",
                "found_in": 9,
                "occurrence": 0.036,
                "start_vector": [
                    17.78162577777778,
                    16.047993666666667,
                    -37.90376833333333
                ],
                "end_vector": [
                    18.998761777777776,
                    18.518382777777777,
                    -31.84399888888889
                ],
                "variance": 118.71144872870944,
                "covariance": [
                    [
                        7.128280936048195,
                        -5.090643300413834,
                        -8.626658602629583,
                        1.9449653824790687,
                        -2.6589413743856816,
                        -10.303887172560849
                    ],
                    [
                        -5.090643300413834,
                        36.42124627797274,
                        32.81337585041613,
                        2.0956550759852908,
                        24.420376427223285,
                        21.707425600787918
                    ],
                    [
                        -8.626658602629583,
                        32.81337585041613,
                        35.67756831687575,
                        -0.8491146230334581,
                        21.43157180135679,
                        23.862682474628674
                    ],
                    [
                        1.9449653824790687,
                        2.0956550759852908,
                        -0.8491146230334581,
                        1.6743081178459434,
                        1.8016423999501938,
                        -1.1863929359324716
                    ],
                    [
                        -2.6589413743856816,
                        24.420376427223285,
                        21.43157180135679,
                        1.8016423999501938,
                        16.51646956201094,
                        13.686900120187655
                    ],
                    [
                        -10.303887172560849,
                        21.707425600787918,
                        23.862682474628674,
                        -1.1863929359324716,
                        13.686900120187655,
                        21.29357551795587
                    ]
                ]
            },
            {
                "label": "H5",
                "type": "H",
                "chain_id": "A",
                "start": 0,
                "end": 0,
                "color": "s466",
                "found_in": 8,
                "occurrence": 0.032,
                "start_vector": [
                    16.6225475,
                    25.158955374999998,
                    -26.076493874999997
                ],
                "end_vector": [
                    20.0068405,
                    20.120990125,
                    -26.569159125
                ],
                "variance": 120.45941538298149,
                "covariance": [
                    [
                        11.683220175135144,
                        -6.6113061821783505,
                        -6.990556889037927,
                        -1.5874095531642871,
                        3.6344461539205075,
                        4.943188835398069
                    ],
                    [
                        -6.6113061821783505,
                        41.68735219803083,
                        33.15944921954165,
                        0.433022916634648,
                        20.94537814819994,
                        8.891889307463908
                    ],
                    [
                        -6.990556889037927,
                        33.15944921954165,
                        33.20964619071756,
                        -0.3421843125377804,
                        11.819047868862123,
                        10.781570997335448
                    ],
                    [
                        -1.5874095531642871,
                        0.433022916634648,
                        -0.3421843125377804,
                        4.105777289303714,
                        -3.4572816879906423,
                        -2.6539442862232128
                    ],
                    [
                        3.6344461539205075,
                        20.94537814819994,
                        11.819047868862123,
                        -3.4572816879906423,
                        20.23952645730984,
                        6.838660557848017
                    ],
                    [
                        4.943188835398069,
                        8.891889307463908,
                        10.781570997335448,
                        -2.6539442862232128,
                        6.838660557848017,
                        9.533893072484409
                    ]
                ]
            },
            {
                "label": "H6",
                "type": "H",
                "chain_id": "A",
                "start": 0,
                "end": 0,
                "color": "s759",
                "found_in": 173,
                "occurrence": 0.692,
                "start_vector": [
                    20.813761647398845,
                    16.14167873988439,
                    -27.62219334682081
                ],
                "end_vector": [
                    21.988991369942198,
                    10.812782526011562,
                    -23.643505040462426
                ],
                "variance": 13.141873873956857,
                "covariance": [
                    [
                        2.500693265901694,
                        0.6096063278389772,
                        -0.381793224536844,
                        0.525170719138335,
                        0.1906352690529015,
                        -1.0284979922206887
                    ],
                    [
                        0.6096063278389772,
                        2.2090240356564834,
                        -0.11800977207569525,
                        -0.11422116546317632,
                        0.7878417086710156,
                        -0.9069516537020035
                    ],
                    [
                        -0.381793224536844,
                        -0.11800977207569525,
                        3.0654913075285983,
                        -0.015061248530487315,
                        -0.06922121945734572,
                        1.554978871707857
                    ],
                    [
                        0.525170719138335,
                        -0.11422116546317632,
                        -0.015061248530487315,
                        0.644796112300211,
                        -0.3098455137148701,
                        -0.014073046531066521
                    ],
                    [
                        0.1906352690529015,
                        0.7878417086710156,
                        -0.06922121945734572,
                        -0.3098455137148701,
                        1.7321280344509478,
                        -0.23482192930839751
                    ],
                    [
                        -1.0284979922206887,
                        -0.9069516537020035,
                        1.554978871707857,
                        -0.014073046531066521,
                        -0.23482192930839751,
                        2.9897411181189235
                    ]
                ]
            },
            {
                "label": "E7",
                "type": "E",
                "chain_id": "A",
                "start": 0,
                "end": 0,
                "color": "s053",
                "found_in": 49,
                "occurrence": 0.196,
                "start_vector": [
                    22.285278530612246,
                    6.718106897959183,
                    -22.289075653061218
                ],
                "end_vector": [
                    20.98490973469388,
                    5.41352587755102,
                    -16.69506089795918
                ],
                "variance": 8.675491084633439,
                "covariance": [
                    [
                        0.14695847328437908,
                        -0.03132717450723635,
                        -0.20545863778004209,
                        0.2626150794099564,
                        -0.12196003673305862,
                        -0.36411742643080547
                    ],
                    [
                        -0.03132717450723635,
                        0.4060415113013854,
                        -0.21782492103642237,
                        0.17227311235976406,
                        0.1422769504157997,
                        -0.5299222675968019
                    ],
                    [
                        -0.20545863778004209,
                        -0.21782492103642237,
                        1.1867378442256906,
                        -0.5020402424247183,
                        0.26522356602071007,
                        1.4333986980338391
                    ],
                    [
                        0.2626150794099564,
                        0.17227311235976406,
                        -0.5020402424247183,
                        1.5242366035893244,
                        -0.37155242359482493,
                        -2.4815575479309717
                    ],
                    [
                        -0.12196003673305862,
                        0.1422769504157997,
                        0.26522356602071007,
                        -0.37155242359482493,
                        0.32080673757323475,
                        0.5916833299774713
                    ],
                    [
                        -0.36411742643080547,
                        -0.5299222675968019,
                        1.4333986980338391,
                        -2.4815575479309717,
                        0.5916833299774713,
                        5.090709914659426
                    ]
                ],
                "sheet_id": 1
            },
            {
                "label": "X8",
                "type": "X",
                "chain_id": "A",
                "start": 0,
                "end": 0,
                "color": "s346",
                "found_in": 0,
                "occurrence": 0.0,
                "start_vector": [
                    0.0,
                    0.0,
                    0.0
                ],
                "end_vector": [
                    0.0,
                    0.0,
                    0.0
                ],
                "variance": 0.0,
                "covariance": [
                    [
                        0.0,
                        0.0,
                        0.0,
                        0.0,
                        0.0,
                        0.0
                    ],
                    [
                        0.0,
                        0.0,
                        0.0,
                        0.0,
                        0.0,
                        0.0
                    ],
                    [
                        0.0,
                        0.0,
                        0.0,
                        0.0,
                        0.0,
                        0.0
                    ],
                    [
                        0.0,
                        0.0,
                        0.0,
                        0.0,
                        0.0,
                        0.0
                    ],
                    [
                        0.0,
                        0.0,
                        0.0,
                        0.0,
                        0.0,
                        0.0
                    ],
                    [
                        0.0,
                        0.0,
                        0.0,
                        0.0,
                        0.0,
                        0.0
                    ]
                ]
            },
            {
                "label": "E9",
                "type": "E",
                "chain_id": "A",
                "start": 0,
                "end": 0,
                "color": "s639",
                "found_in": 245,
                "occurrence": 0.98,
                "start_vector": [
                    22.84737075510204,
                    5.541654910204082,
                    -18.010731351020404
                ],
                "end_vector": [
                    7.839865702040816,
                    11.861935175510204,
                    -3.7691600081632655
                ],
                "variance": 37.5379980099608,
                "covariance": [
                    [
                        2.9928676565099264,
                        -0.44600922420371875,
                        -4.783298690740558,
                        0.6376580957240373,
                        -1.403809142576314,
                        1.2078490977288012
                    ],
                    [
                        -0.44600922420371875,
                        0.9111853071877047,
                        0.2864974206164686,
                        0.061701503922837804,
                        -0.29166197611409894,
                        -0.2040500449965415
                    ],
                    [
                        -4.783298690740558,
                        0.2864974206164686,
                        16.719560775138035,
                        -7.674478735023298,
                        6.824269224315673,
                        0.6892800767347103
                    ],
                    [
                        0.6376580957240373,
                        0.061701503922837804,
                        -7.674478735023298,
                        10.328128195223101,
                        -4.30862437766386,
                        -3.0108625349317686
                    ],
                    [
                        -1.403809142576314,
                        -0.29166197611409894,
                        6.824269224315673,
                        -4.30862437766386,
                        4.087256739527719,
                        1.1671795414127266
                    ],
                    [
                        1.2078490977288012,
                        -0.2040500449965415,
                        0.6892800767347103,
                        -3.0108625349317686,
                        1.1671795414127266,
                        2.4989993363743213
                    ]
                ],
                "sheet_id": 1
            },
            {
                "label": "E10",
                "type": "E",
                "chain_id": "A",
                "start": 0,
                "end": 0,
                "color": "s933",
                "found_in": 3,
                "occurrence": 0.012,
                "start_vector": [
                    6.103967999999999,
                    7.796112666666667,
                    -7.185174
                ],
                "end_vector": [
                    -0.17400533333333326,
                    7.938560666666667,
                    -10.328447333333333
                ],
                "variance": 50.74859077104234,
                "covariance": [
                    [
                        32.050863991876,
                        -5.332232300233,
                        -9.047350676173,
                        -12.98879981975,
                        10.167483437001001,
                        13.161695771907002
                    ],
                    [
                        -5.332232300233,
                        0.8988873516723331,
                        1.4643176938015,
                        2.2201814993208333,
                        -1.6309707282371668,
                        -2.2736817154201665
                    ],
                    [
                        -9.047350676173,
                        1.4643176938015,
                        2.6957476402869998,
                        3.4608014809175,
                        -3.0803179376880006,
                        -3.4237536190020013
                    ],
                    [
                        -12.98879981975,
                        2.2201814993208333,
                        3.4608014809175,
                        5.562044297758333,
                        -3.8155914557541677,
                        -5.756601109189167
                    ],
                    [
                        10.167483437001001,
                        -1.6309707282371668,
                        -3.0803179376880006,
                        -3.8155914557541677,
                        3.536996091034335,
                        3.743201660270335
                    ],
                    [
                        13.161695771907002,
                        -2.2736817154201665,
                        -3.4237536190020013,
                        -5.756601109189167,
                        3.743201660270335,
                        6.004051398414334
                    ]
                ],
                "sheet_id": 2
            },
            {
                "label": "H11",
                "type": "H",
                "chain_id": "A",
                "start": 0,
                "end": 0,
                "color": "s226",
                "found_in": 162,
                "occurrence": 0.648,
                "start_vector": [
                    2.0975894320987654,
                    10.6769839691358,
                    -5.209746679012345
                ],
                "end_vector": [
                    -3.2975627283950617,
                    6.4346623888888885,
                    -9.39619462962963
                ],
                "variance": 46.003150658704335,
                "covariance": [
                    [
                        4.015309716189926,
                        -0.16495920204129705,
                        -0.2854566974912575,
                        -6.586369974020047,
                        1.757560132503564,
                        -5.0013130285871705
                    ],
                    [
                        -0.16495920204129705,
                        0.8129675944301789,
                        0.8687576565238363,
                        -0.4210696529477184,
                        0.5566976402302728,
                        0.23332553673239015
                    ],
                    [
                        -0.2854566974912575,
                        0.8687576565238363,
                        2.1367885370345303,
                        0.7762970838942354,
                        0.39653511034228445,
                        1.2604912928943766
                    ],
                    [
                        -6.586369974020047,
                        -0.4210696529477184,
                        0.7762970838942354,
                        24.152610804160357,
                        -6.233285376177688,
                        13.408692877439
                    ],
                    [
                        1.757560132503564,
                        0.5566976402302728,
                        0.39653511034228445,
                        -6.233285376177688,
                        3.074016215012101,
                        -2.7172698608618715
                    ],
                    [
                        -5.0013130285871705,
                        0.23332553673239015,
                        1.2604912928943766,
                        13.408692877439,
                        -2.7172698608618715,
                        11.81145779187724
                    ]
                ]
            },
            {
                "label": "H12",
                "type": "H",
                "chain_id": "A",
                "start": 0,
                "end": 0,
                "color": "s519",
                "found_in": 121,
                "occurrence": 0.484,
                "start_vector": [
                    -3.6305898925619835,
                    -0.12188414876033062,
                    -5.082516479338843
                ],
                "end_vector": [
                    9.681249760330578,
                    1.9697848181818183,
                    -5.243508553719009
                ],
                "variance": 31.557973963900455,
                "covariance": [
                    [
                        5.737821390882863,
                        3.135967909958817,
                        0.9581891093536272,
                        -0.9838536329504322,
                        -0.019286069794755414,
                        1.1903955725955684
                    ],
                    [
                        3.135967909958817,
                        10.714624033597051,
                        0.14037950998377824,
                        -1.7196893055546194,
                        -1.9705080964576018,
                        -0.037338982729774615
                    ],
                    [
                        0.9581891093536272,
                        0.14037950998377824,
                        4.988427191430585,
                        1.6189710236909336,
                        0.019107099044837143,
                        0.9365609217175739
                    ],
                    [
                        -0.9838536329504322,
                        -1.7196893055546194,
                        1.6189710236909336,
                        4.909014279798188,
                        1.3108113044258314,
                        -1.6475315439248008
                    ],
                    [
                        -0.019286069794755414,
                        -1.9705080964576018,
                        0.019107099044837143,
                        1.3108113044258314,
                        1.6700190094573664,
                        -0.5065229942640932
                    ],
                    [
                        1.1903955725955684,
                        -0.037338982729774615,
                        0.9365609217175739,
                        -1.6475315439248008,
                        -0.5065229942640932,
                        3.538068058734399
                    ]
                ]
            },
            {
                "label": "H13",
                "type": "H",
                "chain_id": "A",
                "start": 0,
                "end": 0,
                "color": "s813",
                "found_in": 7,
                "occurrence": 0.028,
                "start_vector": [
                    9.073667571428572,
                    2.2195532857142855,
                    -4.976494285714287
                ],
                "end_vector": [
                    11.468053857142857,
                    1.8363585714285715,
                    -4.090679571428572
                ],
                "variance": 82.23881221606112,
                "covariance": [
                    [
                        12.561554367027284,
                        2.113574273258643,
                        -1.0691032273016425,
                        6.013905118737094,
                        1.469692246853286,
                        16.716768225336214
                    ],
                    [
                        2.113574273258643,
                        9.526302362925236,
                        -6.631634705593738,
                        0.41269719409921424,
                        7.4394224897534755,
                        12.847807558278022
                    ],
                    [
                        -1.0691032273016425,
                        -6.631634705593738,
                        9.275157621907903,
                        -0.3794613595652143,
                        -6.9587679836164735,
                        -3.432821738226857
                    ],
                    [
                        6.013905118737094,
                        0.41269719409921424,
                        -0.3794613595652143,
                        2.9676360679814757,
                        0.28534260856576177,
                        7.00303838179107
                    ],
                    [
                        1.469692246853286,
                        7.4394224897534755,
                        -6.9587679836164735,
                        0.28534260856576177,
                        6.704035943894952,
                        7.458043143243715
                    ],
                    [
                        16.716768225336214,
                        12.847807558278022,
                        -3.432821738226857,
                        7.00303838179107,
                        7.458043143243715,
                        41.20412585232428
                    ]
                ]
            },
            {
                "label": "X14",
                "type": "X",
                "chain_id": "A",
                "start": 0,
                "end": 0,
                "color": "s106",
                "found_in": 0,
                "occurrence": 0.0,
                "start_vector": [
                    0.0,
                    0.0,
                    0.0
                ],
                "end_vector": [
                    0.0,
                    0.0,
                    0.0
                ],
                "variance": 0.0,
                "covariance": [
                    [
                        0.0,
                        0.0,
                        0.0,
                        0.0,
                        0.0,
                        0.0
                    ],
                    [
                        0.0,
                        0.0,
                        0.0,
                        0.0,
                        0.0,
                        0.0
                    ],
                    [
                        0.0,
                        0.0,
                        0.0,
                        0.0,
                        0.0,
                        0.0
                    ],
                    [
                        0.0,
                        0.0,
                        0.0,
                        0.0,
                        0.0,
                        0.0
                    ],
                    [
                        0.0,
                        0.0,
                        0.0,
                        0.0,
                        0.0,
                        0.0
                    ],
                    [
                        0.0,
                        0.0,
                        0.0,
                        0.0,
                        0.0,
                        0.0
                    ]
                ]
            },
            {
                "label": "E15",
                "type": "E",
                "chain_id": "A",
                "start": 0,
                "end": 0,
                "color": "s399",
                "found_in": 21,
                "occurrence": 0.084,
                "start_vector": [
                    8.283665809523809,
                    1.0087997142857141,
                    -4.675345047619048
                ],
                "end_vector": [
                    10.876810238095237,
                    1.077059523809524,
                    -5.907958571428571
                ],
                "variance": 28.82532977575944,
                "covariance": [
                    [
                        10.881912259911564,
                        -4.658324492362556,
                        2.2736182926010904,
                        3.469495323078098,
                        -2.666382762235395,
                        0.8817313398017863
                    ],
                    [
                        -4.658324492362556,
                        2.2539167108554135,
                        -1.2673194543863144,
                        -1.5109608290661287,
                        1.2999543508633573,
                        -0.5829989694254718
                    ],
                    [
                        2.2736182926010904,
                        -1.2673194543863144,
                        4.5813760389949465,
                        5.207223796298063,
                        -1.9796300298495233,
                        0.20629537871227144
                    ],
                    [
                        3.469495323078098,
                        -1.5109608290661287,
                        5.207223796298063,
                        8.245700388526592,
                        -2.942363063068081,
                        -1.4143851147598574
                    ],
                    [
                        -2.666382762235395,
                        1.2999543508633573,
                        -1.9796300298495233,
                        -2.942363063068081,
                        1.449412355249262,
                        0.23627036471141435
                    ],
                    [
                        0.8817313398017863,
                        -0.5829989694254718,
                        0.20629537871227144,
                        -1.4143851147598574,
                        0.23627036471141435,
                        1.4130120222216573
                    ]
                ],
                "sheet_id": 2
            },
            {
                "label": "X16",
                "type": "X",
                "chain_id": "A",
                "start": 0,
                "end": 0,
                "color": "s693",
                "found_in": 0,
                "occurrence": 0.0,
                "start_vector": [
                    0.0,
                    0.0,
                    0.0
                ],
                "end_vector": [
                    0.0,
                    0.0,
                    0.0
                ],
                "variance": 0.0,
                "covariance": [
                    [
                        0.0,
                        0.0,
                        0.0,
                        0.0,
                        0.0,
                        0.0
                    ],
                    [
                        0.0,
                        0.0,
                        0.0,
                        0.0,
                        0.0,
                        0.0
                    ],
                    [
                        0.0,
                        0.0,
                        0.0,
                        0.0,
                        0.0,
                        0.0
                    ],
                    [
                        0.0,
                        0.0,
                        0.0,
