{
  "consensus": {
    "secondary_structure_elements": [
      {
        "label": "H0",
        "type": "H",
        "chain_id": "A",
        "start": 0,
        "end": 0,
        "color": "s000",
        "color_hex": "#FF00FF",
        "rainbow": "s109",
        "rainbow_hex": "#5800FF",
        "found_in": 7,
        "occurrence": 0.35,
        "start_vector": [
          -6.93157142857143,
          -15.024000000000001,
          -6.518000000000001
        ],
        "end_vector": [
          -5.437571428571429,
          -13.759,
          -0.04014285714285713
        ],
        "variance": 0.591847714285714,
        "covariance": [
          [
            0.07786295238095241,
            -0.066165,
            0.03043666666666668,
            0.09034661904761904,
            -0.0439113333333333,
            0.06544323809523808
          ],
          [
            -0.066165,
            0.09036566666666651,
            -0.05197233333333327,
            -0.09498166666666658,
            0.07800149999999989,
            -0.06621583333333328
          ],
          [
            0.03043666666666668,
            -0.05197233333333327,
            0.05885066666666669,
            0.06986183333333337,
            -0.05572450000000002,
            0.06039183333333335
          ],
          [
            0.09034661904761904,
            -0.09498166666666658,
            0.06986183333333337,
            0.1470102857142857,
            -0.10317733333333326,
            0.11595940476190478
          ],
          [
            -0.0439113333333333,
            0.07800149999999989,
            -0.05572450000000002,
            -0.10317733333333326,
            0.12125599999999988,
            -0.07867066666666665
          ],
          [
            0.06544323809523808,
            -0.06621583333333328,
            0.06039183333333335,
            0.11595940476190478,
            -0.07867066666666665,
            0.09650214285714284
          ]
        ]
      },
      {
        "label": "E1",
        "type": "E",
        "chain_id": "A",
        "start": 0,
        "end": 0,
        "color": "s293",
        "color_hex": "#00C1FF",
        "rainbow": "s131",
        "rainbow_hex": "#3600FF",
        "found_in": 9,
        "occurrence": 0.45,
        "start_vector": [
          4.001333333333333,
          -8.686333333333334,
          -7.9784444444444444
        ],
        "end_vector": [
          1.2687777777777778,
          -14.123,
          -9.42111111111111
        ],
        "variance": 352.6224990833333,
        "covariance": [
          [
            16.30716825,
            4.5977935000000025,
            -48.64811795833333,
            14.187534458333332,
            -8.697700625000001,
            -49.15308370833334
          ],
          [
            4.5977935000000025,
            9.95495625,
            -11.36648704166667,
            5.700293416666667,
            -1.3834548750000002,
            -12.825087041666672
          ],
          [
            -48.64811795833333,
            -11.36648704166667,
            154.8969497777778,
            -42.981884236111114,
            28.011012500000007,
            152.39004831944445
          ],
          [
            14.187534458333332,
            5.700293416666667,
            -42.981884236111114,
            13.140205694444441,
            -7.665693250000001,
            -43.06676227777777
          ],
          [
            -8.697700625000001,
            -1.3834548750000002,
            28.011012500000007,
            -7.665693250000001,
            5.8466460000000025,
            27.599108375000004
          ],
          [
            -49.15308370833334,
            -12.825087041666672,
            152.39004831944445,
            -43.06676227777777,
            27.599108375000004,
            152.4765731111111
          ]
        ],
        "sheet_id": 1
      },
      {
        "label": "E2",
        "type": "E",
        "chain_id": "A",
        "start": 0,
        "end": 0,
        "color": "s586",
        "color_hex": "#83FF00",
        "rainbow": "s147",
        "rainbow_hex": "#1E00FF",
        "found_in": 2,
        "occurrence": 0.1,
        "start_vector": [
          -8.866499999999998,
          -13.6095,
          7.4670000000000005
        ],
        "end_vector": [
          -10.8955,
          -14.2375,
          -3.7835
        ],
        "variance": 0.004232499999999863,
        "covariance": [
          [
            0.0003125000000000089,
            0.0009874999999999997,
            -2.4999999999997602e-05,
            0.0004624999999999945,
            0.00018749999999998756,
            -1.2499999999998801e-05
          ],
          [
            0.0009874999999999997,
            0.003120499999999909,
            -7.899999999999014e-05,
            0.0014614999999999405,
            0.0005924999999999437,
            -3.949999999999507e-05
          ],
          [
            -2.4999999999997602e-05,
            -7.899999999999014e-05,
            1.9999999999995595e-06,
            -3.6999999999994957e-05,
            -1.4999999999997139e-05,
            9.999999999997797e-07
          ],
          [
            0.0004624999999999945,
            0.0014614999999999405,
            -3.6999999999994957e-05,
            0.0006844999999999642,
            0.0002774999999999704,
            -1.8499999999997478e-05
          ],
          [
            0.00018749999999998756,
            0.0005924999999999437,
            -1.4999999999997139e-05,
            0.0002774999999999704,
            0.00011249999999998188,
            -7.49999999999857e-06
          ],
          [
            -1.2499999999998801e-05,
            -3.949999999999507e-05,
            9.999999999997797e-07,
            -1.8499999999997478e-05,
            -7.49999999999857e-06,
            4.999999999998899e-07
          ]
        ],
        "sheet_id": 2
      },
      {
        "label": "E3",
        "type": "E",
        "chain_id": "A",
        "start": 0,
        "end": 0,
        "color": "s879",
        "color_hex": "#FF0045",
        "rainbow": "s152",
        "rainbow_hex": "#1600FF",
        "found_in": 2,
        "occurrence": 0.1,
        "start_vector": [
          -5.5475,
          -14.1115,
          -2.9055
        ],
        "end_vector": [
          -9.935500000000001,
          -8.632,
          5.422499999999999
        ],
        "variance": 0.004388499999999974,
        "covariance": [
          [
            8.44999999999987e-05,
            -0.0003574999999999954,
            0.00040949999999999505,
            -8.44999999999987e-05,
            -0.00024699999999999977,
            6.500000000002121e-06
          ],
          [
            -0.0003574999999999954,
            0.0015124999999999843,
            -0.0017324999999999834,
            0.0003574999999999954,
            0.0010450000000000017,
            -2.750000000000904e-05
          ],
          [
            0.00040949999999999505,
            -0.0017324999999999834,
            0.0019844999999999824,
            -0.0004094999999999951,
            -0.0011970000000000027,
            3.150000000001038e-05
          ],
          [
            -8.44999999999987e-05,
            0.0003574999999999954,
            -0.0004094999999999951,
            8.44999999999987e-05,
            0.00024699999999999977,
            -6.5000000000021206e-06
          ],
          [
            -0.00024699999999999977,
            0.0010450000000000017,
            -0.0011970000000000027,
            0.00024699999999999977,
            0.0007220000000000097,
            -1.9000000000006472e-05
          ],
          [
            6.500000000002121e-06,
            -2.750000000000904e-05,
            3.150000000001038e-05,
            -6.5000000000021206e-06,
            -1.9000000000006472e-05,
            5.000000000003339e-07
          ]
        ],
        "sheet_id": 2
      },
      {
        "label": "H4",
        "type": "H",
        "chain_id": "A",
        "start": 0,
        "end": 0,
        "color": "s173",
        "color_hex": "#0009FF",
        "rainbow": "s180",
        "rainbow_hex": "#0014FF",
        "found_in": 18,
        "occurrence": 0.9,
        "start_vector": [
          -12.90711111111111,
          1.8395,
          9.539388888888887
        ],
        "end_vector": [
          -7.235111111111111,
          5.557944444444444,
          9.7355
        ],
        "variance": 1.0473025751633984,
        "covariance": [
          [
            0.14021939869281053,
            -0.23368005882352946,
            -0.08804113071895428,
            0.04816322222222216,
            0.030346287581699348,
            -0.06450929411764707
          ],
          [
            -0.23368005882352946,
            0.5597535588235293,
            0.15479897058823533,
            -0.042962058823529416,
            -0.03301249999999994,
            0.13911408823529411
          ],
          [
            -0.08804113071895428,
            0.15479897058823533,
            0.12128166339869277,
            -0.03294983660130719,
            0.03223425816993465,
            0.032273735294117645
          ],
          [
            0.04816322222222216,
            -0.042962058823529416,
            -0.03294983660130719,
            0.05544057516339869,
            -0.01569659477124178,
            -0.0260044705882353
          ],
          [
            0.030346287581699348,
            -0.03301249999999994,
            0.03223425816993465,
            -0.01569659477124178,
            0.1084042908496732,
            -0.0036457352941176983
          ],
          [
            -0.06450929411764707,
            0.13911408823529411,
            0.032273735294117645,
            -0.0260044705882353,
            -0.0036457352941176983,
            0.06220308823529407
          ]
        ]
      },
      {
        "label": "E5",
        "type": "E",
        "chain_id": "A",
        "start": 0,
        "end": 0,
        "color": "s466",
        "color_hex": "#00FF34",
        "rainbow": "s233",
        "rainbow_hex": "#0065FF",
        "found_in": 20,
        "occurrence": 1.0,
        "start_vector": [
          -1.8101500000000001,
          9.31005,
          10.016350000000001
        ],
        "end_vector": [
          9.899650000000001,
          -2.70815,
          -1.9153000000000002
        ],
        "variance": 30.663092597368422,
        "covariance": [
          [
            3.0574351868421052,
            -1.1624013605263157,
            -0.6524793657894731,
            0.5175520499999998,
            -1.8674525500000003,
            -1.4656206789473685
          ],
          [
            -1.1624013605263157,
            0.8988754184210528,
            0.7779208763157892,
            0.6079534394736843,
            -0.6800904131578948,
            -0.7354507210526318
          ],
          [
            -0.6524793657894731,
            0.7779208763157892,
            1.423828239473684,
            1.5510412342105262,
            -3.1058305763157894,
            -3.2201489421052636
          ],
          [
            0.5175520499999998,
            0.6079534394736843,
            1.5510412342105262,
            2.692018239473683,
            -4.684041844736841,
            -4.660643163157894
          ],
          [
            -1.8674525500000003,
            -0.6800904131578948,
            -3.1058305763157894,
            -4.684041844736841,
            11.402846765789473,
            11.102771952631578
          ],
          [
            -1.4656206789473685,
            -0.7354507210526318,
            -3.2201489421052636,
            -4.660643163157894,
            11.102771952631578,
            11.188088747368422
          ]
        ],
        "sheet_id": 1
      },
      {
        "label": "H6",
        "type": "H",
        "chain_id": "A",
        "start": 0,
        "end": 0,
        "color": "s759",
        "color_hex": "#FF7100",
        "rainbow": "s269",
        "rainbow_hex": "#009CFF",
        "found_in": 6,
        "occurrence": 0.3,
        "start_vector": [
          10.126,
          2.614333333333333,
          -9.402
        ],
        "end_vector": [
          9.574666666666666,
          6.164833333333333,
          -7.2201666666666675
        ],
        "variance": 83.32441966666669,
        "covariance": [
          [
            41.759102000000006,
            13.646065200000002,
            9.119789200000003,
            18.8183106,
            -1.1698861999999992,
            26.568725
          ],
          [
            13.646065200000002,
            11.690689466666667,
            0.4402832000000005,
            8.611556333333334,
            -0.8306861333333327,
            10.727172466666666
          ],
          [
            9.119789200000003,
            0.4402832000000005,
            2.9632220000000014,
            3.287979800000001,
            -0.1008749999999999,
            5.090144200000002
          ],
          [
            18.8183106,
            8.611556333333334,
            3.287979800000001,
            9.355312266666667,
            -0.6794022666666664,
            12.685043933333334
          ],
          [
            -1.1698861999999992,
            -0.8306861333333327,
            -0.1008749999999999,
            -0.6794022666666664,
            0.06134776666666658,
            -0.8691904333333329
          ],
          [
            26.568725,
            10.727172466666666,
            5.090144200000002,
            12.685043933333334,
            -0.8691904333333329,
            17.49474616666667
          ]
        ]
      },
      {
        "label": "E7",
        "type": "E",
        "chain_id": "A",
        "start": 0,
        "end": 0,
        "color": "s053",
        "color_hex": "#AD00FF",
        "rainbow": "s286",
        "rainbow_hex": "#00B6FF",
        "found_in": 6,
        "occurrence": 0.3,
        "start_vector": [
          14.217999999999998,
          5.945833333333334,
          -1.3841666666666665
        ],
        "end_vector": [
          12.4735,
          6.450500000000001,
          0.2518333333333333
        ],
        "variance": 0.5434471000000003,
        "covariance": [
          [
            0.12715800000000024,
            0.04529100000000006,
            0.14649000000000018,
            0.07505120000000015,
            0.05874740000000015,
            0.09863900000000014
          ],
          [
            0.04529100000000006,
            0.05079336666666663,
            0.048895566666666654,
            0.016774700000000038,
            0.044982299999999975,
            0.03002976666666666
          ],
          [
            0.14649000000000018,
            0.048895566666666654,
            0.17776096666666666,
            0.08833870000000005,
            0.07045630000000005,
            0.12311276666666666
          ],
          [
            0.07505120000000015,
            0.016774700000000038,
            0.08833870000000005,
            0.05056670000000009,
            0.028097700000000066,
            0.06356510000000003
          ],
          [
            0.05874740000000015,
            0.044982299999999975,
            0.07045630000000005,
            0.028097700000000066,
            0.047861100000000004,
            0.046657500000000046
          ],
          [
            0.09863900000000014,
            0.03002976666666666,
            0.12311276666666666,
            0.06356510000000003,
            0.046657500000000046,
            0.08930696666666667
          ]
        ],
        "sheet_id": 3
      },
      {
        "label": "E8",
        "type": "E",
        "chain_id": "A",
        "start": 0,
        "end": 0,
        "color": "s346",
        "color_hex": "#00FFEB",
        "rainbow": "s322",
        "rainbow_hex": "#00EDFF",
        "found_in": 20,
        "occurrence": 1.0,
        "start_vector": [
          9.67805,
          8.0043,
          0.5888000000000001
        ],
        "end_vector": [
          -12.90725,
          10.6824,
          5.3026
        ],
        "variance": 23.26050693157894,
        "covariance": [
          [
            16.48872531315789,
            -2.7960354368421063,
            -7.2176592,
            0.46368711842105204,
            -0.4961079684210528,
            2.1194771789473683
          ],
          [
            -2.7960354368421063,
            0.8224370631578947,
            1.1846848000000003,
            -0.27738471052631564,
            -0.013630968421052667,
            -0.20294892631578967
          ],
          [
            -7.2176592,
            1.1846848000000003,
            3.9949880631578956,
            -0.6773480526315788,
            0.3370497157894739,
            -1.4643890315789474
          ],
          [
            0.46368711842105204,
            -0.27738471052631564,
            -0.6773480526315788,
            0.7016325131578948,
            -0.1138568421052634,
            0.20504573684210523
          ],
          [
            -0.4961079684210528,
            -0.013630968421052667,
            0.3370497157894739,
            -0.1138568421052634,
            0.32524646315789485,
            -0.13220414736842115
          ],
          [
            2.1194771789473683,
            -0.20294892631578967,
            -1.4643890315789474,
            0.20504573684210523,
            -0.13220414736842115,
            0.9274775157894737
          ]
        ],
        "sheet_id": 1
      },
      {
        "label": "E9",
        "type": "E",
        "chain_id": "A",
        "start": 0,
        "end": 0,
        "color": "s639",
        "color_hex": "#D4FF00",
        "rainbow": "s377",
        "rainbow_hex": "#00FFBC",
        "found_in": 20,
        "occurrence": 1.0,
        "start_vector": [
          -12.2756,
          8.662400000000002,
          1.23
        ],
        "end_vector": [
          13.5183,
          13.5093,
          -4.090400000000001
        ],
        "variance": 5.404617831578947,
        "covariance": [
          [
            1.2117963578947364,
            0.20501167368421067,
            -0.1395844736842104,
            0.291446347368421,
            0.310247294736842,
            -0.3033561473684211
          ],
          [
            0.20501167368421067,
            0.20618151578947375,
            0.1001937368421051,
            -0.02376481052631548,
            -0.08824349473684204,
            -0.29536941052631577
          ],
          [
            -0.1395844736842104,
            0.1001937368421051,
            0.595852947368421,
            -0.5436939473684211,
            -0.024787894736841846,
            -0.44124578947368404
          ],
          [
            0.291446347368421,
            -0.02376481052631548,
            -0.5436939473684211,
            1.8479029578947366,
            -0.15838120000000033,
            -0.11735034736842104
          ],
          [
            0.310247294736842,
            -0.08824349473684204,
            -0.024787894736841846,
            -0.15838120000000033,
            0.5965340105263155,
            0.32336875789473657
          ],
          [
            -0.3033561473684211,
            -0.29536941052631577,
            -0.44124578947368404,
            -0.11735034736842104,
            0.32336875789473657,
            0.9463500421052627
          ]
        ],
        "sheet_id": 1
      },
      {
        "label": "E10",
        "type": "E",
        "chain_id": "A",
        "start": 0,
        "end": 0,
        "color": "s933",
        "color_hex": "#FF0098",
        "rainbow": "s433",
        "rainbow_hex": "#00FF66",
        "found_in": 20,
        "occurrence": 1.0,
        "start_vector": [
          11.47985,
          19.154949999999996,
          -5.4552
        ],
        "end_vector": [
          -14.796699999999996,
          3.4826,
          -3.82855
        ],
        "variance": 34.19634245526316,
        "covariance": [
          [
            1.3795096078947364,
            0.7085855184210529,
            0.3920944947368422,
            -1.2240826368421056,
            -0.8475628000000001,
            -0.12533440263157902
          ],
          [
            0.7085855184210529,
            1.4170051026315789,
            0.7326051473684208,
            -3.901707089473685,
            -2.577994968421053,
            -0.02094781842105261
          ],
          [
            0.3920944947368422,
            0.7326051473684208,
            1.1507441684210522,
            -0.019213673684210616,
            0.2463842315789472,
            -0.4698453789473685
          ],
          [
            -1.2240826368421056,
            -3.901707089473685,
            -0.019213673684210616,
            19.368130957894735,
            13.679760389473683,
            -1.673098352631579
          ],
          [
            -0.8475628000000001,
            -2.577994968421053,
            0.2463842315789472,
            13.679760389473683,
            10.188235831578947,
            -1.0402868105263159
          ],
          [
            -0.12533440263157902,
            -0.02094781842105261,
            -0.4698453789473685,
            -1.673098352631579,
            -1.0402868105263159,
            0.6927167868421054
          ]
        ],
        "sheet_id": 1
      },
      {
        "label": "H11",
        "type": "H",
        "chain_id": "A",
        "start": 0,
        "end": 0,
        "color": "s226",
        "color_hex": "#005AFF",
        "rainbow": "s462",
        "rainbow_hex": "#00FF3A",
        "found_in": 1,
        "occurrence": 0.05,
        "start_vector": [
          -16.789,
          -5.626,
          2.909
        ],
        "end_vector": [
          -11.153,
          -6.218,
          2.873
        ],
        "variance": 0.0,
        "covariance": [
          [
            0.0,
            0.0,
            0.0,
            0.0,
            0.0,
            0.0
          ],
          [
            0.0,
            0.0,
            0.0,
            0.0,
            0.0,
            0.0
          ],
          [
            0.0,
            0.0,
            0.0,
            0.0,
            0.0,
            0.0
          ],
          [
            0.0,
            0.0,
            0.0,
            0.0,
            0.0,
            0.0
          ],
          [
            0.0,
            0.0,
            0.0,
            0.0,
            0.0,
            0.0
          ],
          [
            0.0,
            0.0,
            0.0,
            0.0,
            0.0,
            0.0
          ]
        ]
      },
      {
        "label": "E12",
        "type": "E",
        "chain_id": "A",
        "start": 0,
        "end": 0,
        "color": "s519",
        "color_hex": "#1DFF00",
        "rainbow": "s468",
        "rainbow_hex": "#00FF30",
        "found_in": 3,
        "occurrence": 0.15,
        "start_vector": [
          -9.531666666666666,
          6.911666666666666,
          -3.313333333333334
        ],
        "end_vector": [
          -14.244,
          0.7566666666666667,
          -2.744666666666667
        ],
        "variance": 17.90622366666667,
        "covariance": [
          [
            5.257749333333332,
            4.872350666666667,
            -0.6616413333333329,
            2.7834879999999984,
            2.2679626666666657,
            2.184477333333333
          ],
          [
            4.872350666666667,
            4.807456333333334,
            -1.3518341666666676,
            2.9512309999999995,
            2.874979833333334,
            2.084298666666667
          ],
          [
            -0.6616413333333329,
            -1.3518341666666676,
            1.9503543333333335,
            -1.2899650000000005,
            -2.2398721666666668,
            -0.4264143333333335
          ],
          [
            2.7834879999999984,
            2.9512309999999995,
            -1.2899650000000005,
            1.9465319999999993,
            2.184338,
            1.2327339999999996
          ],
          [
            2.2679626666666657,
            2.874979833333334,
            -2.2398721666666668,
            2.184338,
            3.0242343333333332,
            1.1008956666666667
          ],
          [
            2.184477333333333,
            2.084298666666667,
            -0.4264143333333335,
            1.2327339999999996,
            1.1008956666666667,
            0.9198973333333335
          ]
        ],
        "sheet_id": 1
      },
      {
        "label": "E13",
        "type": "E",
        "chain_id": "A",
        "start": 0,
        "end": 0,
        "color": "s813",
        "color_hex": "#FF1F00",
        "rainbow": "s473",
        "rainbow_hex": "#00FF29",
        "found_in": 1,
        "occurrence": 0.05,
        "start_vector": [
          -15.68,
          -0.391,
          -2.908
        ],
        "end_vector": [
          -17.7,
          -1.363,
          -3.819
        ],
        "variance": 0.0,
        "covariance": [
          [
            0.0,
            0.0,
            0.0,
            0.0,
            0.0,
            0.0
          ],
          [
            0.0,
            0.0,
            0.0,
            0.0,
            0.0,
            0.0
          ],
          [
            0.0,
            0.0,
            0.0,
            0.0,
            0.0,
            0.0
          ],
          [
            0.0,
            0.0,
            0.0,
            0.0,
            0.0,
            0.0
          ],
          [
            0.0,
            0.0,
            0.0,
            0.0,
            0.0,
            0.0
          ],
          [
            0.0,
            0.0,
            0.0,
            0.0,
            0.0,
            0.0
          ]
        ],
        "sheet_id": 4
      },
      {
        "label": "E14",
        "type": "E",
        "chain_id": "A",
        "start": 0,
        "end": 0,
        "color": "s106",
        "color_hex": "#5C00FF",
        "rainbow": "s476",
        "rainbow_hex": "#00FF24",
        "found_in": 1,
        "occurrence": 0.05,
        "start_vector": [
          -17.132,
          -5.658,
          -4.256
        ],
        "end_vector": [
          -16.252,
          -5.911,
          -1.904
        ],
        "variance": 0.0,
        "covariance": [
          [
            0.0,
            0.0,
            0.0,
            0.0,
            0.0,
            0.0
          ],
          [
            0.0,
            0.0,
            0.0,
            0.0,
            0.0,
            0.0
          ],
          [
            0.0,
            0.0,
            0.0,
            0.0,
            0.0,
            0.0
          ],
          [
            0.0,
            0.0,
            0.0,
            0.0,
            0.0,
            0.0
          ],
          [
            0.0,
            0.0,
            0.0,
            0.0,
            0.0,
            0.0
          ],
          [
            0.0,
            0.0,
            0.0,
            0.0,
            0.0,
            0.0
          ]
        ],
        "sheet_id": 4
      },
      {
        "label": "E15",
        "type": "E",
        "chain_id": "A",
        "start": 0,
        "end": 0,
        "color": "s399",
        "color_hex": "#00FF9A",
        "rainbow": "s505",
        "rainbow_hex": "#07FF00",
        "found_in": 20,
        "occurrence": 1.0,
        "start_vector": [
          -11.53875,
          -3.7609000000000004,
          -0.6918
        ],
        "end_vector": [
          -7.17095,
          8.06205,
          -10.724350000000001
        ],
        "variance": 24.0211180631579,
        "covariance": [
          [
            0.14388272368421068,
            0.11961749999999997,
            -0.16475526315789482,
            -0.3013840131578948,
            0.30121361842105315,
            -0.1497984868421054
          ],
          [
            0.11961749999999997,
            0.8767310421052633,
            -0.25848454736842114,
            -0.7831310052631577,
            -1.0886711631578945,
            0.15412519473684197
          ],
          [
            -0.16475526315789482,
            -0.25848454736842114,
            1.3499614315789472,
            -1.814602747368421,
            -1.9531781157894734,
            0.7378528631578949
          ],
          [
            -0.3013840131578948,
            -0.7831310052631577,
            -1.814602747368421,
            7.694374892105266,
            6.119436049999999,
            -2.8689635078947364
          ],
          [
            0.30121361842105315,
            -1.0886711631578945,
            -1.9531781157894734,
            6.119436049999999,
            10.607171313157894,
            -5.0362539289473665
          ],
          [
            -0.1497984868421054,
            0.15412519473684197,
            0.7378528631578949,
            -2.8689635078947364,
            -5.0362539289473665,
            3.348996660526316
          ]
        ],
        "sheet_id": 1
      },
      {
        "label": "H16",
        "type": "H",
        "chain_id": "A",
        "start": 0,
        "end": 0,
        "color": "s693",
        "color_hex": "#FFD600",
        "rainbow": "s538",
        "rainbow_hex": "#3AFF00",
        "found_in": 4,
        "occurrence": 0.2,
        "start_vector": [
          -12.3585,
          7.382000000000001,
          -13.85425
        ],
        "end_vector": [
          -6.9485,
          8.718,
          -18.351999999999997
        ],
        "variance": 4.769824916666668,
        "covariance": [
          [
            0.619083666666666,
            0.5909153333333332,
            -0.05263283333333347,
            1.0940396666666659,
            0.43947400000000003,
            0.5732339999999999
          ],
          [
            0.5909153333333332,
            0.7866500000000007,
            -0.030186333333333707,
            1.1718793333333335,
            0.6432043333333339,
            0.7070870000000006
          ],
          [
            -0.05263283333333347,
            -0.030186333333333707,
            0.014222249999999968,
            -0.07535483333333375,
            0.0074453333333329855,
            -0.00920200000000029
          ],
          [
            1.0940396666666659,
            1.1718793333333335,
            -0.07535483333333375,
            2.011318333333332,
            0.9240213333333336,
            1.1241973333333335
          ],
          [
            0.43947400000000003,
            0.6432043333333339,
            0.0074453333333329855,
            0.9240213333333336,
            0.6133660000000006,
            0.6456716666666675
          ],
          [
            0.5732339999999999,
            0.7070870000000006,
            -0.00920200000000029,
            1.1241973333333335,
            0.6456716666666675,
            0.7251846666666677
          ]
        ]
      },
      {
        "label": "E17",
        "type": "E",
        "chain_id": "A",
        "start": 0,
        "end": 0,
        "color": "s986",
        "color_hex": "#FF00E9",
        "rainbow": "s570",
        "rainbow_hex": "#6BFF00",
        "found_in": 19,
        "occurrence": 0.95,
        "start_vector": [
          -7.937947368421052,
          2.3667368421052632,
          -15.748947368421051
        ],
        "end_vector": [
          -4.493736842105263,
          -5.642736842105264,
          6.827263157894738
        ],
        "variance": 213.6329470350877,
        "covariance": [
          [
            1.4357050526315789,
            -4.071259929824562,
            3.2424471637426895,
            0.5582106520467837,
            -5.897484292397661,
            9.234814763157894
          ],
          [
            -4.071259929824562,
            22.459545538011696,
            -14.19911042982456,
            -3.5885398157894732,
            22.38414751754386,
            -42.879934982456135
          ],
          [
            3.2424471637426895,
            -14.19911042982456,
            16.339722830409354,
            3.6385109853801167,
            -18.408741625730993,
            28.060482318713447
          ],
          [
            0.5582106520467837,
            -3.5885398157894732,
            3.6385109853801167,
            1.6384957602339179,
            -5.571592517543859,
            8.693900538011695
          ],
          [
            -5.897484292397661,
            22.38414751754386,
            -18.408741625730993,
            -5.571592517543859,
            54.62499309356725,
            -75.3001289619883
          ],
          [
            9.234814763157894,
            -42.879934982456135,
            28.060482318713447,
            8.693900538011695,
            -75.3001289619883,
            117.13448476023392
          ]
        ],
        "sheet_id": 1
      },
      {
        "label": "E18",
        "type": "E",
        "chain_id": "A",
        "start": 0,
        "end": 0,
        "color": "s279",
        "color_hex": "#00ABFF",
        "rainbow": "s598",
        "rainbow_hex": "#95FF00",
        "found_in": 1,
        "occurrence": 0.05,
        "start_vector": [
          -6.303,
          -4.929,
          -3.95
        ],
        "end_vector": [
          -5.829,
          -5.974,
          -1.803
        ],
        "variance": 0.0,
        "covariance": [
          [
            0.0,
            0.0,
            0.0,
            0.0,
            0.0,
            0.0
          ],
          [
            0.0,
            0.0,
            0.0,
            0.0,
            0.0,
            0.0
          ],
          [
            0.0,
            0.0,
            0.0,
            0.0,
            0.0,
            0.0
          ],
          [
            0.0,
            0.0,
            0.0,
            0.0,
            0.0,
            0.0
          ],
          [
            0.0,
            0.0,
            0.0,
            0.0,
            0.0,
            0.0
          ],
          [
            0.0,
            0.0,
            0.0,
            0.0,
            0.0,
            0.0
          ]
        ],
        "sheet_id": 5
      },
      {
        "label": "E19",
        "type": "E",
        "chain_id": "A",
        "start": 0,
        "end": 0,
        "color": "s573",
        "color_hex": "#6FFF00",
        "rainbow": "s601",
        "rainbow_hex": "#9AFF00",
        "found_in": 1,
        "occurrence": 0.05,
        "start_vector": [
          0.931,
          -1.971,
          6.926
        ],
        "end_vector": [
          0.312,
          -3.098,
          4.86
        ],
        "variance": 0.0,
        "covariance": [
          [
            0.0,
            0.0,
            0.0,
            0.0,
            0.0,
            0.0
          ],
          [
            0.0,
            0.0,
            0.0,
            0.0,
            0.0,
            0.0
          ],
          [
            0.0,
            0.0,
            0.0,
            0.0,
            0.0,
            0.0
          ],
          [
            0.0,
            0.0,
            0.0,
            0.0,
            0.0,
            0.0
          ],
          [
            0.0,
            0.0,
            0.0,
            0.0,
            0.0,
            0.0
          ],
          [
            0.0,
            0.0,
            0.0,
            0.0,
            0.0,
            0.0
          ]
        ],
        "sheet_id": 1
      },
      {
        "label": "E20",
        "type": "E",
        "chain_id": "A",
        "start": 0,
        "end": 0,
        "color": "s866",
        "color_hex": "#FF0031",
        "rainbow": "s604",
        "rainbow_hex": "#9FFF00",
        "found_in": 1,
        "occurrence": 0.05,
        "start_vector": [
          -1.771,
          -5.943,
          -2.291
        ],
        "end_vector": [
          -2.116,
          -6.007,
          -4.725
        ],
        "variance": 0.0,
        "covariance": [
          [
            0.0,
            0.0,
            0.0,
            0.0,
            0.0,
            0.0
          ],
          [
            0.0,
            0.0,
            0.0,
            0.0,
            0.0,
            0.0
          ],
          [
            0.0,
            0.0,
            0.0,
            0.0,
            0.0,
            0.0
          ],
          [
            0.0,
            0.0,
            0.0,
            0.0,
            0.0,
            0.0
          ],
          [
            0.0,
            0.0,
            0.0,
            0.0,
            0.0,
            0.0
          ],
          [
            0.0,
            0.0,
            0.0,
            0.0,
            0.0,
            0.0
          ]
        ],
        "sheet_id": 5
      },
      {
        "label": "E21",
        "type": "E",
        "chain_id": "A",
        "start": 0,
        "end": 0,
        "color": "s159",
        "color_hex": "#0B00FF",
        "rainbow": "s631",
        "rainbow_hex": "#C8FF00",
        "found_in": 19,
        "occurrence": 0.95,
        "start_vector": [
          0.12494736842105261,
          -0.9675263157894738,
          8.062157894736842
        ],
        "end_vector": [
          -3.5789473684210535,
          -4.543684210526315,
          -15.565894736842106
        ],
        "variance": 247.63938605847952,
        "covariance": [
          [
            0.7528622748538012,
            -1.5770584181286549,
            5.2412060643274865,
            0.7252475584795323,
            -2.604963093567251,
            3.619630228070175
          ],
          [
            -1.5770584181286549,
            43.32305681871345,
            -59.79611757894737,
            -14.088394248538012,
            35.66790123099415,
            -11.661121830409359
          ],
          [
            5.2412060643274865,
            -59.79611757894737,
            117.28003914035088,
            19.773402046783627,
            -55.07924410818713,
            19.78913876023392
          ],
          [
            0.7252475584795323,
            -14.088394248538012,
            19.773402046783627,
            6.053229274853802,
            -12.543458850877192,
            8.940270771929825
          ],
          [
            -2.604963093567251,
            35.66790123099415,
            -55.07924410818713,
            -12.543458850877192,
            39.52041278362572,
            -11.168391979532164
          ],
          [
            3.619630228070175,
            -11.661121830409359,
            19.78913876023392,
            8.940270771929825,
            -11.168391979532164,
            40.70978576608187
          ]
        ],
        "sheet_id": 1
      },
      {
        "label": "E22",
        "type": "E",
        "chain_id": "A",
        "start": 0,
        "end": 0,
        "color": "s453",
        "color_hex": "#00FF47",
        "rainbow": "s661",
        "rainbow_hex": "#F6FF00",
        "found_in": 2,
        "occurrence": 0.1,
        "start_vector": [
          1.6079999999999999,
          -11.5765,
          -18.4745
        ],
        "end_vector": [
          2.9989999999999997,
          -7.707000000000001,
          -12.278
        ],
        "variance": 33.696971000000005,
        "covariance": [
          [
            4.0214479999999995,
            -5.168609999999999,
            -2.8629420000000025,
            -0.16732399999999983,
            -5.592592,
            -7.28852
          ],
          [
            -5.168609999999999,
            6.643012499999998,
            3.679627500000003,
            0.21505499999999975,
            7.187939999999999,
            9.36765
          ],
          [
            -2.8629420000000025,
            3.679627500000003,
            2.0381805000000037,
            0.11912099999999999,
            3.9814680000000036,
            5.188830000000006
          ],
          [
